# r (Angstrom)    E (eV)    ΔE (eV)
2.740331508098328595e+00 2.260835170745849609e-01 3.194451332092285156e-01
2.796256640916661595e+00 1.924417018890380859e-01 2.858033180236816406e-01
2.852181773734995041e+00 1.584501266479492188e-01 2.518117427825927734e-01
2.908106906553328042e+00 1.243038177490234375e-01 2.176654338836669922e-01
2.964032039371661487e+00 9.025740623474121094e-02 1.836190223693847656e-01
3.019957172189994488e+00 5.662870407104492188e-02 1.499903202056884766e-01
3.075882305008327933e+00 2.377343177795410156e-02 1.171350479125976562e-01
3.131807437826660934e+00 -7.866859436035156250e-03 8.549475669860839844e-02
3.187732570644994379e+00 -3.783059120178222656e-02 5.553102493286132812e-02
3.243657703463327380e+00 -6.564140319824218750e-02 2.772021293640136719e-02
3.299582836281660381e+00 -9.079360961914062500e-02 2.568006515502929688e-03
3.355507969099993826e+00 -1.127829551696777344e-01 -1.942133903503417969e-02
3.411433101918327271e+00 -1.311335563659667969e-01 -3.777194023132324219e-02
3.467358234736660272e+00 -1.454033851623535156e-01 -5.204176902770996094e-02
3.523283367554993717e+00 -1.552240848541259766e-01 -6.186246871948242188e-02
3.579208500373327162e+00 -1.603484153747558594e-01 -6.698679924011230469e-02
3.635133633191660163e+00 -1.606159210205078125e-01 -6.725430488586425781e-02
3.691058766009993608e+00 -1.560168266296386719e-01 -6.265521049499511719e-02
3.746983898828326609e+00 -1.466510295867919922e-01 -5.328941345214843750e-02
3.802909031646659610e+00 -1.327795982360839844e-01 -3.941798210144042969e-02
3.858834164464993055e+00 -1.148414611816406250e-01 -2.147984504699707031e-02
3.914759297283326500e+00 -9.336161613464355469e-02 0.000000000000000000e+00
3.970684430101659501e+00 -6.900548934936523438e-02 2.435612678527832031e-02
4.026609562919992946e+00 -4.247784614562988281e-02 5.088376998901367188e-02
4.082534695738325503e+00 -1.457667350769042969e-02 7.878494262695312500e-02
4.138459828556659836e+00 1.388692855834960938e-02 1.072485446929931641e-01
4.194384961374992393e+00 4.211831092834472656e-02 1.354799270629882812e-01
4.250310094193325838e+00 6.935667991638183594e-02 1.627182960510253906e-01
4.306235227011658395e+00 9.493350982666015625e-02 1.882951259613037109e-01
4.362160359829992728e+00 1.182563304901123047e-01 2.116179466247558594e-01
4.418085492648325285e+00 1.388661861419677734e-01 2.322278022766113281e-01
4.474010625466658730e+00 1.564517021179199219e-01 2.498133182525634766e-01
4.529935758284991287e+00 1.708538532257080078e-01 2.642154693603515625e-01
4.585860891103324732e+00 1.820549964904785156e-01 2.754166126251220703e-01
4.641786023921658177e+00 1.901881694793701172e-01 2.835497856140136719e-01
4.697711156739991623e+00 1.954801082611083984e-01 2.888417243957519531e-01
4.753636289558325068e+00 1.982550621032714844e-01 2.916166782379150391e-01
4.809561422376658513e+00 1.989111900329589844e-01 2.922728061676025391e-01
4.865486555194991958e+00 1.978850364685058594e-01 2.912466526031494141e-01
4.921411688013324515e+00 1.956737041473388672e-01 2.890353202819824219e-01
4.977336820831657960e+00 1.927530765533447266e-01 2.861146926879882812e-01
5.033261953649990517e+00 1.895885467529296875e-01 2.829501628875732422e-01
5.089187086468323962e+00 1.866464614868164062e-01 2.800080776214599609e-01
5.145112219286656519e+00 1.843476295471191406e-01 2.777092456817626953e-01
5.201037352104990852e+00 1.830792427062988281e-01 2.764408588409423828e-01
5.256962484923323409e+00 1.831803321838378906e-01 2.765419483184814453e-01
5.312887617741657742e+00 1.849524974822998047e-01 2.783141136169433594e-01
5.368812750559990299e+00 1.886513233184814453e-01 2.820129394531250000e-01
5.424737883378323744e+00 1.944839954376220703e-01 2.878456115722656250e-01
5.480663016196657189e+00 2.026324272155761719e-01 2.959940433502197266e-01
