# r (Angstrom)    E (eV)    ΔE (eV)
2.619968466466876755e+00 1.568319797515869141e-01 2.501935958862304688e-01
2.673437210680486231e+00 1.600799560546875000e-01 2.534415721893310547e-01
2.726905954894096595e+00 1.607723236083984375e-01 2.541339397430419922e-01
2.780374699107706071e+00 1.586472988128662109e-01 2.520089149475097656e-01
2.833843443321315991e+00 1.535224914550781250e-01 2.468841075897216797e-01
2.887312187534925467e+00 1.452965736389160156e-01 2.386581897735595703e-01
2.940780931748535387e+00 1.339673995971679688e-01 2.273290157318115234e-01
2.994249675962144863e+00 1.196339130401611328e-01 2.129955291748046875e-01
3.047718420175754783e+00 1.025085449218750000e-01 1.958701610565185547e-01
3.101187164389364259e+00 8.294105529785156250e-02 1.763026714324951172e-01
3.154655908602974179e+00 6.141185760498046875e-02 1.547734737396240234e-01
3.208124652816584099e+00 3.850841522216796875e-02 1.318700313568115234e-01
3.261593397030194019e+00 1.494455337524414062e-02 1.083061695098876953e-01
3.315062141243803495e+00 -8.455991744995117188e-03 8.490562438964843750e-02
3.368530885457412971e+00 -3.083634376525878906e-02 6.252527236938476562e-02
3.421999629671022891e+00 -5.131697654724121094e-02 4.204463958740234375e-02
3.475468373884632367e+00 -6.904458999633789062e-02 2.431702613830566406e-02
3.528937118098242287e+00 -8.323669433593750000e-02 1.012492179870605469e-02
3.582405862311852207e+00 -9.320354461669921875e-02 1.580715179443359375e-04
3.635874606525461683e+00 -9.842872619628906250e-02 -5.067110061645507812e-03
3.689343350739071603e+00 -9.854841232299804688e-02 -5.186796188354492188e-03
3.742812094952681523e+00 -9.336161613464355469e-02 0.000000000000000000e+00
3.796280839166290999e+00 -8.285021781921386719e-02 1.051139831542968750e-02
3.849749583379900475e+00 -6.713652610778808594e-02 2.622509002685546875e-02
3.903218327593509951e+00 -4.653382301330566406e-02 4.682779312133789062e-02
3.956687071807120759e+00 -2.148389816284179688e-02 7.187771797180175781e-02
4.010155816020730235e+00 7.447719573974609375e-03 1.008093357086181641e-01
4.063624560234339711e+00 3.957390785217285156e-02 1.329355239868164062e-01
4.117093304447949187e+00 7.414793968200683594e-02 1.675095558166503906e-01
4.170562048661559551e+00 1.103327274322509766e-01 2.036943435668945312e-01
4.224030792875169027e+00 1.472368240356445312e-01 2.405984401702880859e-01
4.277499537088778503e+00 1.839973926544189453e-01 2.773590087890625000e-01
4.330968281302387979e+00 2.197442054748535156e-01 3.131058216094970703e-01
4.384437025515997455e+00 2.536330223083496094e-01 3.469946384429931641e-01
4.437905769729607819e+00 2.848656177520751953e-01 3.782272338867187500e-01
4.491374513943217295e+00 3.127229213714599609e-01 4.060845375061035156e-01
4.544843258156826771e+00 3.365554809570312500e-01 4.299170970916748047e-01
4.598312002370438023e+00 3.558278083801269531e-01 4.491894245147705078e-01
4.651780746584047499e+00 3.701460361480712891e-01 4.635076522827148438e-01
4.705249490797656975e+00 3.792483806610107422e-01 4.726099967956542969e-01
4.758718235011266451e+00 3.830511569976806641e-01 4.764127731323242188e-01
4.812186979224875927e+00 3.816545009613037109e-01 4.750161170959472656e-01
4.865655723438485403e+00 3.753333091735839844e-01 4.686949253082275391e-01
4.919124467652094879e+00 3.645062446594238281e-01 4.578678607940673828e-01
4.972593211865705243e+00 3.497521877288818359e-01 4.431138038635253906e-01
5.026061956079314719e+00 3.318071365356445312e-01 4.251687526702880859e-01
5.079530700292925083e+00 3.115127086639404297e-01 4.048743247985839844e-01
5.132999444506534559e+00 2.897710800170898438e-01 3.831326961517333984e-01
5.186468188720144035e+00 2.675387859344482422e-01 3.609004020690917969e-01
5.239936932933753511e+00 2.457180023193359375e-01 3.390796184539794922e-01
