# r (Angstrom)    E (eV)    ΔE (eV)
1.748989074702216318e+00 2.657856941223144531e-01 3.591473102569580078e-01
1.784682729287975889e+00 2.483382225036621094e-01 3.416998386383056641e-01
1.820376383873735460e+00 2.299587726593017578e-01 3.233203887939453125e-01
1.856070038459494809e+00 2.106969356536865234e-01 3.040585517883300781e-01
1.891763693045254602e+00 1.906309127807617188e-01 2.839925289154052734e-01
1.927457347631013951e+00 1.698749065399169922e-01 2.632365226745605469e-01
1.963151002216773522e+00 1.485576629638671875e-01 2.419192790985107422e-01
1.998844656802532871e+00 1.268444061279296875e-01 2.202060222625732422e-01
2.034538311388292442e+00 1.049218177795410156e-01 1.982834339141845703e-01
2.070231965974052013e+00 8.299279212951660156e-02 1.763544082641601562e-01
2.105925620559811584e+00 6.129217147827148438e-02 1.546537876129150391e-01
2.141619275145571155e+00 4.005908966064453125e-02 1.334207057952880859e-01
2.177312929731330726e+00 1.954340934753417969e-02 1.129050254821777344e-01
2.213006584317090297e+00 4.053115844726562500e-06 9.336566925048828125e-02
2.248700238902849424e+00 -1.830625534057617188e-02 7.505536079406738281e-02
2.284393893488609439e+00 -3.513956069946289062e-02 5.822205543518066406e-02
2.320087548074368566e+00 -5.026078224182128906e-02 4.310083389282226562e-02
2.355781202660128137e+00 -6.344509124755859375e-02 2.991652488708496094e-02
2.391474857245887709e+00 -7.450151443481445312e-02 1.886010169982910156e-02
2.427168511831647280e+00 -8.326816558837890625e-02 1.009345054626464844e-02
2.462862166417406851e+00 -8.958983421325683594e-02 3.771781921386718750e-03
2.498555821003166422e+00 -9.336161613464355469e-02 0.000000000000000000e+00
2.534249475588925993e+00 -9.449315071105957031e-02 -1.131534576416015625e-03
2.569943130174685120e+00 -9.292483329772949219e-02 4.367828369140625000e-04
2.605636784760444691e+00 -8.862733840942382812e-02 4.734277725219726562e-03
2.641330439346204706e+00 -8.161592483520507812e-02 1.174569129943847656e-02
2.677024093931963833e+00 -7.192873954772949219e-02 2.143287658691406250e-02
2.712717748517723404e+00 -5.963659286499023438e-02 3.372502326965332031e-02
2.748411403103482531e+00 -4.484796524047851562e-02 4.851365089416503906e-02
2.784105057689242546e+00 -2.770686149597167969e-02 6.565475463867187500e-02
2.819798712275002117e+00 -8.347034454345703125e-03 8.501458168029785156e-02
2.855492366860761688e+00 1.303434371948242188e-02 1.063959598541259766e-01
2.891186021446520815e+00 3.625226020812988281e-02 1.296138763427734375e-01
2.926879676032280386e+00 6.109285354614257812e-02 1.544544696807861328e-01
2.962573330618040401e+00 8.732318878173828125e-02 1.806848049163818359e-01
2.998266985203799528e+00 1.147050857543945312e-01 2.080667018890380859e-01
3.033960639789559099e+00 1.430039405822753906e-01 2.363655567169189453e-01
3.069654294375319115e+00 1.719737052917480469e-01 2.653353214263916016e-01
3.105347948961078242e+00 2.013599872589111328e-01 2.947216033935546875e-01
3.141041603546837813e+00 2.309298515319824219e-01 3.242914676666259766e-01
3.176735258132596940e+00 2.604405879974365234e-01 3.538022041320800781e-01
3.212428912718356511e+00 2.896623611450195312e-01 3.830239772796630859e-01
3.248122567304116082e+00 3.183841705322265625e-01 4.117457866668701172e-01
3.283816221889875209e+00 3.464148044586181641e-01 4.397764205932617188e-01
3.319509876475635224e+00 3.735709190368652344e-01 4.669325351715087891e-01
3.355203531061394795e+00 3.997030258178710938e-01 4.930646419525146484e-01
3.390897185647154366e+00 4.246399402618408203e-01 5.180015563964843750e-01
3.426590840232913937e+00 4.482781887054443359e-01 5.416398048400878906e-01
3.462284494818673508e+00 4.705016613006591797e-01 5.638632774353027344e-01
3.497978149404432635e+00 4.912343025207519531e-01 5.845959186553955078e-01
