# r (Angstrom)    E (eV)    ΔE (eV)
2.440983198014920585e+00 2.752742767333984375e-01 3.686358928680419922e-01
2.490799181647878058e+00 2.713372707366943359e-01 3.646988868713378906e-01
2.540615165280835974e+00 2.655901908874511719e-01 3.589518070220947266e-01
2.590431148913793002e+00 2.577352523803710938e-01 3.510968685150146484e-01
2.640247132546750919e+00 2.475209236145019531e-01 3.408825397491455078e-01
2.690063116179708391e+00 2.347424030303955078e-01 3.281040191650390625e-01
2.739879099812666308e+00 2.192909717559814453e-01 3.126525878906250000e-01
2.789695083445623336e+00 2.011415958404541016e-01 2.945032119750976562e-01
2.839511067078581252e+00 1.803801059722900391e-01 2.737417221069335938e-01
2.889327050711538725e+00 1.572232246398925781e-01 2.505848407745361328e-01
2.939143034344496197e+00 1.320040225982666016e-01 2.253656387329101562e-01
2.988959017977453669e+00 1.051964759826660156e-01 1.985580921173095703e-01
3.038775001610411586e+00 7.740354537963867188e-02 1.707651615142822266e-01
3.088590985243369058e+00 4.931092262268066406e-02 1.426725387573242188e-01
3.138406968876326530e+00 2.169632911682128906e-02 1.150579452514648438e-01
3.188222952509284003e+00 -4.633903503417968750e-03 8.872771263122558594e-02
3.238038936142241475e+00 -2.885770797729492188e-02 6.450390815734863281e-02
3.287854919775199392e+00 -5.017447471618652344e-02 4.318714141845703125e-02
3.337670903408156864e+00 -6.785321235656738281e-02 2.550840377807617188e-02
3.387486887041114336e+00 -8.126354217529296875e-02 1.209807395935058594e-02
3.437302870674071809e+00 -8.989834785461425781e-02 3.463268280029296875e-03
3.487118854307029725e+00 -9.336161613464355469e-02 0.000000000000000000e+00
3.536934837939987197e+00 -9.138631820678710938e-02 1.975297927856445312e-03
3.586750821572944670e+00 -8.383893966674804688e-02 9.522676467895507812e-03
3.636566805205901698e+00 -7.072687149047851562e-02 2.263474464416503906e-02
3.686382788838860058e+00 -5.220961570739746094e-02 4.115200042724609375e-02
3.736198772471817531e+00 -2.856135368347167969e-02 6.480026245117187500e-02
3.786014756104775003e+00 -1.904964447021484375e-04 9.317111968994140625e-02
3.835830739737732031e+00 3.239464759826660156e-02 1.257562637329101562e-01
3.885646723370690392e+00 6.859445571899414062e-02 1.619560718536376953e-01
3.935462707003647864e+00 1.077225208282470703e-01 2.010841369628906250e-01
3.985278690636605337e+00 1.490373611450195312e-01 2.423989772796630859e-01
4.035094674269562809e+00 1.917660236358642578e-01 2.851276397705078125e-01
4.084910657902519837e+00 2.351179122924804688e-01 3.284795284271240234e-01
4.134726641535477754e+00 2.782895565032958984e-01 3.716511726379394531e-01
4.184542625168435670e+00 3.204894065856933594e-01 4.138510227203369141e-01
4.234358608801392698e+00 3.609735965728759766e-01 4.543352127075195312e-01
4.284174592434351503e+00 3.990454673767089844e-01 4.924070835113525391e-01
4.333990576067308531e+00 4.340746402740478516e-01 5.274362564086914062e-01
4.383806559700265559e+00 4.655346870422363281e-01 5.588963031768798828e-01
4.433622543333223476e+00 4.929881095886230469e-01 5.863497257232666016e-01
4.483438526966180504e+00 5.161142349243164062e-01 6.094758510589599609e-01
4.533254510599138420e+00 5.346670150756835938e-01 6.280286312103271484e-01
4.583070494232095449e+00 5.485832691192626953e-01 6.419448852539062500e-01
4.632886477865053365e+00 5.578668117523193359e-01 6.512284278869628906e-01
4.682702461498011282e+00 5.626645088195800781e-01 6.560261249542236328e-01
4.732518445130969198e+00 5.632414817810058594e-01 6.566030979156494141e-01
4.782334428763926226e+00 5.599706172943115234e-01 6.533322334289550781e-01
4.832150412396884143e+00 5.533103942871093750e-01 6.466720104217529297e-01
4.881966396029841171e+00 5.438160896301269531e-01 6.371777057647705078e-01
