# r (Angstrom)    E (eV)    ΔE (eV)
4.089261399999999824e+00 1.189364194869995117e+00 1.282725811004638672e+00
4.172715714285713418e+00 1.189364194869995117e+00 1.282725811004638672e+00
4.256170028571427899e+00 1.189364194869995117e+00 1.282725811004638672e+00
4.339624342857142381e+00 1.189364194869995117e+00 1.282725811004638672e+00
4.423078657142856862e+00 1.189364194869995117e+00 1.282725811004638672e+00
4.506532971428570455e+00 1.189364194869995117e+00 1.282725811004638672e+00
4.589987285714284937e+00 1.189364194869995117e+00 1.282725811004638672e+00
4.673441599999999418e+00 1.189364194869995117e+00 1.282725811004638672e+00
4.756895914285713900e+00 1.189364194869995117e+00 1.282725811004638672e+00
4.840350228571427493e+00 1.189364194869995117e+00 1.282725811004638672e+00
4.923804542857141975e+00 1.189364194869995117e+00 1.282725811004638672e+00
5.007258857142856456e+00 1.189364194869995117e+00 1.282725811004638672e+00
5.090713171428570938e+00 1.189364194869995117e+00 1.282725811004638672e+00
5.174167485714285419e+00 1.189364194869995117e+00 1.282725811004638672e+00
5.257621799999999013e+00 1.189364194869995117e+00 1.282725811004638672e+00
5.341076114285713494e+00 1.189364194869995117e+00 1.282725811004638672e+00
5.424530428571427976e+00 1.189364194869995117e+00 1.282725811004638672e+00
5.507984742857142457e+00 1.189364194869995117e+00 1.282725811004638672e+00
5.591439057142856051e+00 1.189364194869995117e+00 1.282725811004638672e+00
5.674893371428570532e+00 1.189364194869995117e+00 1.282725811004638672e+00
5.758347685714285014e+00 1.189364194869995117e+00 1.282725811004638672e+00
5.841801999999999495e+00 1.189364194869995117e+00 1.282725811004638672e+00
5.925256314285713088e+00 1.189364194869995117e+00 1.282725811004638672e+00
6.008710628571427570e+00 1.189364194869995117e+00 1.282725811004638672e+00
6.092164942857141163e+00 1.189364194869995117e+00 1.282725811004638672e+00
6.175619257142856533e+00 1.189364194869995117e+00 1.282725811004638672e+00
6.259073571428571015e+00 1.189364194869995117e+00 1.282725811004638672e+00
6.342527885714284608e+00 1.189364194869995117e+00 1.282725811004638672e+00
6.425982199999999089e+00 1.189364194869995117e+00 1.282725811004638672e+00
6.509436514285713571e+00 1.189364194869995117e+00 1.282725811004638672e+00
6.592890828571428052e+00 1.189364194869995117e+00 1.282725811004638672e+00
6.676345142857141646e+00 1.189364194869995117e+00 1.282725811004638672e+00
6.759799457142856127e+00 1.189364194869995117e+00 1.282725811004638672e+00
6.843253771428569721e+00 1.189364194869995117e+00 1.282725811004638672e+00
6.926708085714285090e+00 1.189364194869995117e+00 1.282725811004638672e+00
7.010162399999999572e+00 1.189364194869995117e+00 1.282725811004638672e+00
7.093616714285713165e+00 1.189364194869995117e+00 1.282725811004638672e+00
7.177071028571428535e+00 1.189364194869995117e+00 1.282725811004638672e+00
7.260525342857142128e+00 1.189364194869995117e+00 1.282725811004638672e+00
7.343979657142856610e+00 1.189364194869995117e+00 1.282725811004638672e+00
7.427433971428570203e+00 1.189364194869995117e+00 1.282725811004638672e+00
7.510888285714284685e+00 1.189364194869995117e+00 1.282725811004638672e+00
7.594342599999998278e+00 1.189364194869995117e+00 1.282725811004638672e+00
7.677796914285711871e+00 1.189364194869995117e+00 1.282725811004638672e+00
7.761251228571427241e+00 1.189364194869995117e+00 1.282725811004638672e+00
7.844705542857141722e+00 1.189364194869995117e+00 1.282725811004638672e+00
7.928159857142857092e+00 1.189364194869995117e+00 1.282725811004638672e+00
8.011614171428570685e+00 1.189364194869995117e+00 1.282725811004638672e+00
8.095068485714284279e+00 1.189364194869995117e+00 1.282725811004638672e+00
8.178522799999999648e+00 1.189364194869995117e+00 1.282725811004638672e+00
