# r (Angstrom)    E (eV)    ΔE (eV)
7.642938023089536070e-01 1.826734542846679688e-01 2.760350704193115234e-01
7.798916350091362748e-01 1.693460941314697266e-01 2.627077102661132812e-01
7.954894677093190536e-01 1.559300422668457031e-01 2.492916584014892578e-01
8.110873004095017214e-01 1.424424648284912109e-01 2.358040809631347656e-01
8.266851331096846112e-01 1.289072036743164062e-01 2.222688198089599609e-01
8.422829658098672789e-01 1.153357028961181641e-01 2.086973190307617188e-01
8.578807985100500577e-01 1.017539501190185547e-01 1.951155662536621094e-01
8.734786312102327255e-01 8.816885948181152344e-02 1.815304756164550781e-01
8.890764639104155043e-01 7.460880279541015625e-02 1.679704189300537109e-01
9.046742966105981720e-01 6.108021736145019531e-02 1.544418334960937500e-01
9.202721293107808398e-01 4.760766029357910156e-02 1.409692764282226562e-01
9.358699620109636186e-01 3.419661521911621094e-02 1.275582313537597656e-01
9.514677947111463974e-01 2.087187767028808594e-02 1.142334938049316406e-01
9.670656274113290651e-01 7.639169692993164062e-03 1.010007858276367188e-01
9.826634601115117329e-01 -5.481004714965820312e-03 8.788061141967773438e-02
9.982612928116945117e-01 -1.848149299621582031e-02 7.488012313842773438e-02
1.013859125511877179e+00 -3.134989738464355469e-02 6.201171875000000000e-02
1.029456958212060069e+00 -4.407477378845214844e-02 4.928684234619140625e-02
1.045054790912242737e+00 -5.664730072021484375e-02 3.671431541442871094e-02
1.060652623612425405e+00 -6.905674934387207031e-02 2.430486679077148438e-02
1.076250456312608073e+00 -8.130192756652832031e-02 1.205968856811523438e-02
1.091848289012790962e+00 -9.336161613464355469e-02 0.000000000000000000e+00
1.107446121712973630e+00 -1.052463054656982422e-01 -1.188468933105468750e-02
1.123043954413156298e+00 -1.169383525848388672e-01 -2.357673645019531250e-02
1.138641787113338966e+00 -1.284389495849609375e-01 -3.507733345031738281e-02
1.154239619813521855e+00 -1.397423744201660156e-01 -4.638075828552246094e-02
1.169837452513704523e+00 -1.508412361145019531e-01 -5.747961997985839844e-02
1.185435285213887191e+00 -1.617372035980224609e-01 -6.837558746337890625e-02
1.201033117914069859e+00 -1.724328994750976562e-01 -7.907128334045410156e-02
1.216630950614252749e+00 -1.829276084899902344e-01 -8.956599235534667969e-02
1.232228783314435416e+00 -1.932220458984375000e-01 -9.986042976379394531e-02
1.247826616014618084e+00 -2.033064365386962891e-01 -1.099448204040527344e-01
1.263424448714800752e+00 -2.132010459899902344e-01 -1.198394298553466797e-01
1.279022281414983420e+00 -2.228956222534179688e-01 -1.295340061187744141e-01
1.294620114115166531e+00 -2.323980331420898438e-01 -1.390364170074462891e-01
1.310217946815349199e+00 -2.417140007019042969e-01 -1.483523845672607422e-01
1.325815779515531867e+00 -2.508444786071777344e-01 -1.574828624725341797e-01
1.341413612215714757e+00 -2.597978115081787109e-01 -1.664361953735351562e-01
1.357011444915897425e+00 -2.685749530792236328e-01 -1.752133369445800781e-01
1.372609277616080092e+00 -2.771878242492675781e-01 -1.838262081146240234e-01
1.388207110316262760e+00 -2.856395244598388672e-01 -1.922779083251953125e-01
1.403804943016445428e+00 -2.939362525939941406e-01 -2.005746364593505859e-01
1.419402775716628096e+00 -3.020946979522705078e-01 -2.087330818176269531e-01
1.435000608416810763e+00 -3.101112842559814453e-01 -2.167496681213378906e-01
1.450598441116993653e+00 -3.179922103881835938e-01 -2.246305942535400391e-01
1.466196273817176321e+00 -3.257579803466796875e-01 -2.323963642120361328e-01
1.481794106517359211e+00 -3.334076404571533203e-01 -2.400460243225097656e-01
1.497391939217541879e+00 -3.409423828125000000e-01 -2.475807666778564453e-01
1.512989771917724546e+00 -3.483853340148925781e-01 -2.550237178802490234e-01
1.528587604617907214e+00 -3.557376861572265625e-01 -2.623760700225830078e-01
