# r (Angstrom)    E (eV)    ΔE (eV)
2.613494267559498319e+00 -3.419575691223144531e-01 -2.485959529876708984e-01
2.666830885264793949e+00 -3.052971363067626953e-01 -2.119355201721191406e-01
2.720167502970090467e+00 -2.698963880538940430e-01 -1.765347719192504883e-01
2.773504120675386098e+00 -2.364423274993896484e-01 -1.430807113647460938e-01
2.826840738380682172e+00 -2.055058479309082031e-01 -1.121442317962646484e-01
2.880177356085977802e+00 -1.775462627410888672e-01 -8.418464660644531250e-02
2.933513973791273877e+00 -1.528627872467041016e-01 -5.950117111206054688e-02
2.986850591496569507e+00 -1.316199302673339844e-01 -3.825831413269042969e-02
3.040187209201865581e+00 -1.138361692428588867e-01 -2.047455310821533203e-02
3.093523826907161212e+00 -9.944105148315429688e-02 -6.079435348510742188e-03
3.146860444612457286e+00 -8.829617500305175781e-02 5.065441131591796875e-03
3.200197062317753360e+00 -8.019161224365234375e-02 1.317000389099121094e-02
3.253533680023049435e+00 -7.488131523132324219e-02 1.848030090332031250e-02
3.306870297728345065e+00 -7.208681106567382812e-02 2.127480506896972656e-02
3.360206915433640695e+00 -7.148408889770507812e-02 2.187752723693847656e-02
3.413543533138936770e+00 -7.271099090576171875e-02 2.065062522888183594e-02
3.466880150844232400e+00 -7.536697387695312500e-02 1.799464225769042969e-02
3.520216768549528474e+00 -7.900977134704589844e-02 1.435184478759765625e-02
3.573553386254824549e+00 -8.315062522888183594e-02 1.021099090576171875e-02
3.626890003960120179e+00 -8.727765083312988281e-02 6.083965301513671875e-03
3.680226621665416253e+00 -9.085297584533691406e-02 2.508640289306640625e-03
3.733563239370712328e+00 -9.336161613464355469e-02 0.000000000000000000e+00
3.786899857076007958e+00 -9.434223175048828125e-02 -9.806156158447265625e-04
3.840236474781303588e+00 -9.342288970947265625e-02 -6.127357482910156250e-05
3.893573092486599219e+00 -9.032940864562988281e-02 3.032207489013671875e-03
3.946909710191896181e+00 -8.496594429016113281e-02 8.395671844482421875e-03
4.000246327897191811e+00 -7.742381095886230469e-02 1.593780517578125000e-02
4.053582945602487442e+00 -6.796836853027343750e-02 2.539324760437011719e-02
4.106919563307783072e+00 -5.702495574951171875e-02 3.633666038513183594e-02
4.160256181013079591e+00 -4.517173767089843750e-02 4.818987846374511719e-02
4.213592798718375221e+00 -3.309369087219238281e-02 6.026792526245117188e-02
4.266929416423670851e+00 -2.153491973876953125e-02 7.182669639587402344e-02
4.320266034128966481e+00 -1.123237609863281250e-02 8.212924003601074219e-02
4.373602651834262112e+00 -2.892017364501953125e-03 9.046959877014160156e-02
4.426939269539558630e+00 2.849102020263671875e-03 9.621071815490722656e-02
4.480275887244854260e+00 5.482673645019531250e-03 9.884428977966308594e-02
4.533612504950149891e+00 4.652261734008789062e-03 9.801387786865234375e-02
4.586949122655447297e+00 1.497268676757812500e-04 9.351134300231933594e-02
4.640285740360742928e+00 -8.088588714599609375e-03 8.527302742004394531e-02
4.693622358066038558e+00 -1.998424530029296875e-02 7.337737083435058594e-02
4.746958975771334188e+00 -3.530311584472656250e-02 5.805850028991699219e-02
4.800295593476629818e+00 -5.371999740600585938e-02 3.964161872863769531e-02
4.853632211181925449e+00 -7.483887672424316406e-02 1.852273941040039062e-02
4.906968828887221079e+00 -9.820818901062011719e-02 -4.846572875976562500e-03
4.960305446592517598e+00 -1.233463287353515625e-01 -2.998471260070800781e-02
5.013642064297813228e+00 -1.498053073883056641e-01 -5.644369125366210938e-02
5.066978682003109746e+00 -1.771661043167114258e-01 -8.380448818206787109e-02
5.120315299708405377e+00 -2.050788402557373047e-01 -1.117172241210937500e-01
5.173651917413701007e+00 -2.332528829574584961e-01 -1.398912668228149414e-01
5.226988535118996637e+00 -2.614860534667968750e-01 -1.681244373321533203e-01
