# r (Angstrom)    E (eV)    ΔE (eV)
3.283838342448903713e+00 9.891819953918457031e-02 1.922798156738281250e-01
3.350855451478472968e+00 6.041383743286132812e-02 1.537754535675048828e-01
3.417872560508042667e+00 1.902794837951660156e-02 1.123895645141601562e-01
3.484889669537611923e+00 -2.491331100463867188e-02 6.844830513000488281e-02
3.551906778567181622e+00 -7.070517539978027344e-02 2.265644073486328125e-02
3.618923887596750877e+00 -1.171705722808837891e-01 -2.380895614624023438e-02
3.685940996626321020e+00 -1.628143787384033203e-01 -6.945276260375976562e-02
3.752958105655889831e+00 -2.059140205383300781e-01 -1.125524044036865234e-01
3.819975214685459974e+00 -2.446517944335937500e-01 -1.512901782989501953e-01
3.886992323715029229e+00 -2.773134708404541016e-01 -1.839518547058105469e-01
3.954009432744598485e+00 -3.024201393127441406e-01 -2.090585231781005859e-01
4.021026541774167740e+00 -3.188703060150146484e-01 -2.255086898803710938e-01
4.088043650803737883e+00 -3.260130882263183594e-01 -2.326514720916748047e-01
4.155060759833307138e+00 -3.237102031707763672e-01 -2.303485870361328125e-01
4.222077868862876393e+00 -3.123288154602050781e-01 -2.189671993255615234e-01
4.289094977892445648e+00 -2.927298545837402344e-01 -1.993682384490966797e-01
4.356112086922014903e+00 -2.661788463592529297e-01 -1.728172302246093750e-01
4.423129195951585046e+00 -2.343125343322753906e-01 -1.409509181976318359e-01
4.490146304981154302e+00 -1.990015506744384766e-01 -1.056399345397949219e-01
4.557163414010723557e+00 -1.623110771179199219e-01 -6.894946098327636719e-02
4.624180523040292812e+00 -1.263797283172607422e-01 -3.301811218261718750e-02
4.691197632069862955e+00 -9.336161613464355469e-02 0.000000000000000000e+00
4.758214741099432210e+00 -6.529712677001953125e-02 2.806448936462402344e-02
4.825231850129001465e+00 -4.398584365844726562e-02 4.937577247619628906e-02
4.892248959158570720e+00 -3.086805343627929688e-02 6.249356269836425781e-02
4.959266068188140864e+00 -2.693796157836914062e-02 6.642365455627441406e-02
5.026283177217710119e+00 -3.260278701782226562e-02 6.075882911682128906e-02
5.093300286247279374e+00 -4.765248298645019531e-02 4.570913314819335938e-02
5.160317395276848629e+00 -7.123875617980957031e-02 2.212285995483398438e-02
5.227334504306418772e+00 -1.018691062927246094e-01 -8.507490158081054688e-03
5.294351613335988027e+00 -1.375219821929931641e-01 -4.416036605834960938e-02
5.361368722365557282e+00 -1.757988929748535156e-01 -8.243727684020996094e-02
5.428385831395126537e+00 -2.140603065490722656e-01 -1.206986904144287109e-01
5.495402940424695792e+00 -2.496860027313232422e-01 -1.563243865966796875e-01
5.562420049454265936e+00 -2.801957130432128906e-01 -1.868340969085693359e-01
5.629437158483835191e+00 -3.033876419067382812e-01 -2.100260257720947266e-01
5.696454267513404446e+00 -3.175370693206787109e-01 -2.241754531860351562e-01
5.763471376542974589e+00 -3.214702606201171875e-01 -2.281086444854736328e-01
5.830488485572543844e+00 -3.145835399627685547e-01 -2.212219238281250000e-01
5.897505594602113099e+00 -2.967953681945800781e-01 -2.034337520599365234e-01
5.964522703631682354e+00 -2.685079574584960938e-01 -1.751463413238525391e-01
6.031539812661251609e+00 -2.305276393890380859e-01 -1.371660232543945312e-01
6.098556921690820865e+00 -1.839447021484375000e-01 -9.058308601379394531e-02
6.165574030720390120e+00 -1.300404071807861328e-01 -3.667879104614257812e-02
6.232591139749960263e+00 -7.033777236938476562e-02 2.302384376525878906e-02
6.299608248779529518e+00 -6.509780883789062500e-03 8.685183525085449219e-02
6.366625357809099661e+00 5.966806411743164062e-02 1.530296802520751953e-01
6.433642466838668916e+00 1.263108253479003906e-01 2.196724414825439453e-01
6.500659575868238171e+00 1.914470195770263672e-01 2.848086357116699219e-01
6.567676684897807426e+00 2.530622482299804688e-01 3.464238643646240234e-01
