# r (Angstrom)    E (eV)    ΔE (eV)
1.217761365235774607e+00 -4.843986034393310547e-01 -3.910369873046875000e-01
1.242613637995688469e+00 -4.659130573272705078e-01 -3.725514411926269531e-01
1.267465910755602332e+00 -4.471161365509033203e-01 -3.537545204162597656e-01
1.292318183515515972e+00 -4.280536174774169922e-01 -3.346920013427734375e-01
1.317170456275429835e+00 -4.087731838226318359e-01 -3.154115676879882812e-01
1.342022729035343476e+00 -3.893294334411621094e-01 -2.959678173065185547e-01
1.366875001795257338e+00 -3.697600364685058594e-01 -2.763984203338623047e-01
1.391727274555170979e+00 -3.501183986663818359e-01 -2.567567825317382812e-01
1.416579547315084842e+00 -3.304533958435058594e-01 -2.370917797088623047e-01
1.441431820074998704e+00 -3.108100891113281250e-01 -2.174484729766845703e-01
1.466284092834912345e+00 -2.912373542785644531e-01 -1.978757381439208984e-01
1.491136365594826207e+00 -2.717883586883544922e-01 -1.784267425537109375e-01
1.515988638354740070e+00 -2.525062561035156250e-01 -1.591446399688720703e-01
1.540840911114653711e+00 -2.334272861480712891e-01 -1.400656700134277344e-01
1.565693183874567351e+00 -2.146165370941162109e-01 -1.212549209594726562e-01
1.590545456634481214e+00 -1.960897445678710938e-01 -1.027281284332275391e-01
1.615397729394394855e+00 -1.779026985168457031e-01 -8.454108238220214844e-02
1.640250002154308939e+00 -1.600942611694335938e-01 -6.673264503479003906e-02
1.665102274914222580e+00 -1.426994800567626953e-01 -4.933786392211914062e-02
1.689954547674136220e+00 -1.257541179656982422e-01 -3.239250183105468750e-02
1.714806820434050083e+00 -1.092994213104248047e-01 -1.593780517578125000e-02
1.739659093193963946e+00 -9.336161613464355469e-02 0.000000000000000000e+00
1.764511365953877586e+00 -7.797861099243164062e-02 1.538300514221191406e-02
1.789363638713791227e+00 -6.317520141601562500e-02 3.018641471862792969e-02
1.814215911473705090e+00 -4.897785186767578125e-02 4.438376426696777344e-02
1.839068184233618952e+00 -3.541421890258789062e-02 5.794739723205566406e-02
1.863920456993532815e+00 -2.250194549560546875e-02 7.085967063903808594e-02
1.888772729753446455e+00 -1.026630401611328125e-02 8.309531211853027344e-02
1.913625002513360096e+00 1.276016235351562500e-03 9.463763236999511719e-02
1.938477275273274181e+00 1.211214065551757812e-02 1.054737567901611328e-01
1.963329548033187821e+00 2.221703529357910156e-02 1.155786514282226562e-01
1.988181820793101462e+00 3.158807754516601562e-02 1.249496936798095703e-01
2.013034093553015325e+00 4.020404815673828125e-02 1.335656642913818359e-01
2.037886366312928743e+00 4.805493354797363281e-02 1.414165496826171875e-01
2.062738639072843050e+00 5.513668060302734375e-02 1.484982967376708984e-01
2.087590911832756468e+00 6.143283843994140625e-02 1.547944545745849609e-01
2.112443184592670331e+00 6.693410873413085938e-02 1.602957248687744141e-01
2.137295457352584194e+00 7.164239883422851562e-02 1.650040149688720703e-01
2.162147730112498056e+00 7.554435729980468750e-02 1.689059734344482422e-01
2.187000002872411919e+00 7.863593101501464844e-02 1.719975471496582031e-01
2.211852275632325338e+00 8.091926574707031250e-02 1.742808818817138672e-01
2.236704548392239200e+00 8.238840103149414062e-02 1.757500171661376953e-01
2.261556821152152619e+00 8.304429054260253906e-02 1.764059066772460938e-01
2.286409093912066481e+00 8.288741111755371094e-02 1.762490272521972656e-01
2.311261366671980788e+00 8.192563056945800781e-02 1.752872467041015625e-01
2.336113639431894207e+00 8.015751838684082031e-02 1.735191345214843750e-01
2.360965912191808513e+00 7.759404182434082031e-02 1.709556579589843750e-01
2.385818184951721932e+00 7.423686981201171875e-02 1.675984859466552734e-01
2.410670457711635795e+00 7.010507583618164062e-02 1.634666919708251953e-01
2.435522730471549213e+00 6.520557403564453125e-02 1.585671901702880859e-01
