# r (Angstrom)    E (eV)    ΔE (eV)
7.118603984371845161e-01 -2.987637519836425781e-01 -2.054021358489990234e-01
7.263881616705963884e-01 -2.896707057952880859e-01 -1.963090896606445312e-01
7.409159249040083717e-01 -2.804296016693115234e-01 -1.870679855346679688e-01
7.554436881374202439e-01 -2.710640430450439453e-01 -1.777024269104003906e-01
7.699714513708322272e-01 -2.615723609924316406e-01 -1.682107448577880859e-01
7.844992146042440995e-01 -2.519669532775878906e-01 -1.586053371429443359e-01
7.990269778376560827e-01 -2.422645092010498047e-01 -1.489028930664062500e-01
8.135547410710679550e-01 -2.324731349945068359e-01 -1.391115188598632812e-01
8.280825043044799383e-01 -2.226052284240722656e-01 -1.292436122894287109e-01
8.426102675378918105e-01 -2.126753330230712891e-01 -1.193137168884277344e-01
8.571380307713036828e-01 -2.026956081390380859e-01 -1.093339920043945312e-01
8.716657940047156661e-01 -1.926784515380859375e-01 -9.931683540344238281e-02
8.861935572381276494e-01 -1.826345920562744141e-01 -8.927297592163085938e-02
9.007213204715396326e-01 -1.725783348083496094e-01 -7.921671867370605469e-02
9.152490837049515049e-01 -1.625301837921142578e-01 -6.916856765747070312e-02
9.297768469383634882e-01 -1.524920463562011719e-01 -5.913043022155761719e-02
9.443046101717753604e-01 -1.424844264984130859e-01 -4.912281036376953125e-02
9.588323734051873437e-01 -1.325216293334960938e-01 -3.916001319885253906e-02
9.733601366385992160e-01 -1.226136684417724609e-01 -2.925205230712890625e-02
9.878878998720110882e-01 -1.127707958221435547e-01 -1.940917968750000000e-02
1.002415663105423071e+00 -1.030209064483642578e-01 -9.659290313720703125e-03
1.016943426338835055e+00 -9.336161613464355469e-02 0.000000000000000000e+00
1.031471189572247038e+00 -8.381819725036621094e-02 9.543418884277343750e-03
1.045998952805658799e+00 -7.439208030700683594e-02 1.896953582763671875e-02
1.060526716039070783e+00 -6.510591506958007812e-02 2.825570106506347656e-02
1.075054479272482766e+00 -5.596995353698730469e-02 3.739166259765625000e-02
1.089582242505894749e+00 -4.699015617370605469e-02 4.637145996093750000e-02
1.104110005739306510e+00 -3.818750381469726562e-02 5.517411231994628906e-02
1.118637768972718494e+00 -2.956509590148925781e-02 6.379652023315429688e-02
1.133165532206130477e+00 -2.113747596740722656e-02 7.222414016723632812e-02
1.147693295439542460e+00 -1.292204856872558594e-02 8.043956756591796875e-02
1.162221058672954221e+00 -4.918575286865234375e-03 8.844304084777832031e-02
1.176748821906366205e+00 2.853393554687500000e-03 9.621500968933105469e-02
1.191276585139777966e+00 1.038241386413574219e-02 1.037440299987792969e-01
1.205804348373190171e+00 1.767158508300781250e-02 1.110332012176513672e-01
1.220332111606601933e+00 2.470159530639648438e-02 1.180632114410400391e-01
1.234859874840013916e+00 3.146266937255859375e-02 1.248242855072021484e-01
1.249387638073425899e+00 3.795289993286132812e-02 1.313145160675048828e-01
1.263915401306837882e+00 4.415607452392578125e-02 1.375176906585693359e-01
1.278443164540249866e+00 5.007553100585937500e-02 1.434371471405029297e-01
1.292970927773661627e+00 5.569028854370117188e-02 1.490519046783447266e-01
1.307498691007073610e+00 6.099653244018554688e-02 1.543581485748291016e-01
1.322026454240485371e+00 6.600475311279296875e-02 1.593663692474365234e-01
1.336554217473897355e+00 7.069015502929687500e-02 1.640517711639404297e-01
1.351081980707309338e+00 7.505965232849121094e-02 1.684212684631347656e-01
1.365609743940721321e+00 7.909941673278808594e-02 1.724610328674316406e-01
1.380137507174133304e+00 8.281493186950683594e-02 1.761765480041503906e-01
1.394665270407545288e+00 8.620071411132812500e-02 1.795623302459716797e-01
1.409193033640957049e+00 8.925223350524902344e-02 1.826138496398925781e-01
1.423720796874369032e+00 9.196853637695312500e-02 1.853301525115966797e-01
