# r (Angstrom)    E (eV)    ΔE (eV)
2.617420292217166988e+00 -1.329555511474609375e-01 -3.959393501281738281e-02
2.670837032874660011e+00 -1.570479869842529297e-01 -6.368637084960937500e-02
2.724253773532153478e+00 -1.821389198303222656e-01 -8.877730369567871094e-02
2.777670514189646500e+00 -2.072854042053222656e-01 -1.139237880706787109e-01
2.831087254847139967e+00 -2.315151691436767578e-01 -1.381535530090332031e-01
2.884503995504632989e+00 -2.538461685180664062e-01 -1.604845523834228516e-01
2.937920736162126456e+00 -2.733616828918457031e-01 -1.800000667572021484e-01
2.991337476819619479e+00 -2.892417907714843750e-01 -1.958801746368408203e-01
3.044754217477112945e+00 -3.008322715759277344e-01 -2.074706554412841797e-01
3.098170958134605968e+00 -3.076505661010742188e-01 -2.142889499664306641e-01
3.151587698792098990e+00 -3.094196319580078125e-01 -2.160580158233642578e-01
3.205004439449592013e+00 -3.060674667358398438e-01 -2.127058506011962891e-01
3.258421180107085480e+00 -2.977180480957031250e-01 -2.043564319610595703e-01
3.311837920764578502e+00 -2.846972942352294922e-01 -1.913356781005859375e-01
3.365254661422071525e+00 -2.674946784973144531e-01 -1.741330623626708984e-01
3.418671402079564992e+00 -2.467265129089355469e-01 -1.533648967742919922e-01
3.472088142737058014e+00 -2.231152057647705078e-01 -1.297535896301269531e-01
3.525504883394551481e+00 -1.975004673004150391e-01 -1.041388511657714844e-01
3.578921624052044503e+00 -1.707670688629150391e-01 -7.740545272827148438e-02
3.632338364709537526e+00 -1.438572406768798828e-01 -5.049562454223632812e-02
3.685755105367030993e+00 -1.177337169647216797e-01 -2.437210083007812500e-02
3.739171846024524459e+00 -9.336161613464355469e-02 0.000000000000000000e+00
3.792588586682017482e+00 -7.167243957519531250e-02 2.168917655944824219e-02
3.846005327339510504e+00 -5.353808403015136719e-02 3.982353210449218750e-02
3.899422067997003527e+00 -3.971314430236816406e-02 5.364847183227539062e-02
3.952838808654497438e+00 -3.083562850952148438e-02 6.252598762512207031e-02
4.006255549311990016e+00 -2.738070487976074219e-02 6.598091125488281250e-02
4.059672289969483039e+00 -2.961754798889160156e-02 6.374406814575195312e-02
4.113089030626976061e+00 -3.759312629699707031e-02 5.576848983764648438e-02
4.166505771284469972e+00 -5.115222930908203125e-02 4.220938682556152344e-02
4.219922511941962995e+00 -6.987738609313964844e-02 2.348423004150390625e-02
4.273339252599456017e+00 -9.315109252929687500e-02 2.105236053466796875e-04
4.326755993256949040e+00 -1.201288700103759766e-01 -2.676725387573242188e-02
4.380172733914442063e+00 -1.498131752014160156e-01 -5.645155906677246094e-02
4.433589474571935973e+00 -1.810784339904785156e-01 -8.771681785583496094e-02
4.487006215229428996e+00 -2.127387523651123047e-01 -1.193771362304687500e-01
4.540422955886922018e+00 -2.435729503631591797e-01 -1.502113342285156250e-01
4.593839696544415929e+00 -2.724075317382812500e-01 -1.790459156036376953e-01
4.647256437201908952e+00 -2.981629371643066406e-01 -2.048013210296630859e-01
4.700673177859401974e+00 -3.199071884155273438e-01 -2.265455722808837891e-01
4.754089918516894997e+00 -3.368833065032958984e-01 -2.435216903686523438e-01
4.807506659174388020e+00 -3.485105037689208984e-01 -2.551488876342773438e-01
4.860923399831881042e+00 -3.544442653656005859e-01 -2.610826492309570312e-01
4.914340140489374065e+00 -3.545238971710205078e-01 -2.611622810363769531e-01
4.967756881146867975e+00 -3.487746715545654297e-01 -2.554130554199218750e-01
5.021173621804360998e+00 -3.374040126800537109e-01 -2.440423965454101562e-01
5.074590362461854909e+00 -3.207507133483886719e-01 -2.273890972137451172e-01
5.128007103119347931e+00 -2.992954254150390625e-01 -2.059338092803955078e-01
5.181423843776840954e+00 -2.735745906829833984e-01 -1.802129745483398438e-01
5.234840584434333977e+00 -2.442059516906738281e-01 -1.508443355560302734e-01
