# r (Angstrom)    E (eV)    ΔE (eV)
1.630662771180870330e+00 -2.365212440490722656e-01 -1.431596279144287109e-01
1.663941603245786105e+00 -2.345933914184570312e-01 -1.412317752838134766e-01
1.697220435310701880e+00 -2.318336963653564453e-01 -1.384720802307128906e-01
1.730499267375617434e+00 -2.282552719116210938e-01 -1.348936557769775391e-01
1.763778099440533431e+00 -2.238864898681640625e-01 -1.305248737335205078e-01
1.797056931505448985e+00 -2.187683582305908203e-01 -1.254067420959472656e-01
1.830335763570364760e+00 -2.129611968994140625e-01 -1.195995807647705078e-01
1.863614595635280535e+00 -2.065405845642089844e-01 -1.131789684295654297e-01
1.896893427700196311e+00 -1.995708942413330078e-01 -1.062092781066894531e-01
1.930172259765111864e+00 -1.921315193176269531e-01 -9.876990318298339844e-02
1.963451091830027417e+00 -1.843085289001464844e-01 -9.094691276550292969e-02
1.996729923894943415e+00 -1.761865615844726562e-01 -8.282494544982910156e-02
2.030008755959859190e+00 -1.678545475006103516e-01 -7.449293136596679688e-02
2.063287588024774966e+00 -1.593918800354003906e-01 -6.603026390075683594e-02
2.096566420089690297e+00 -1.508681774139404297e-01 -5.750656127929687500e-02
2.129845252154606516e+00 -1.423447132110595703e-01 -4.898309707641601562e-02
2.163124084219521848e+00 -1.338760852813720703e-01 -4.051446914672851562e-02
2.196402916284437623e+00 -1.254923343658447266e-01 -3.213071823120117188e-02
2.229681748349353398e+00 -1.172375679016113281e-01 -2.387595176696777344e-02
2.262960580414269174e+00 -1.091279983520507812e-01 -1.576638221740722656e-02
2.296239412479184949e+00 -1.011700630187988281e-01 -7.808446884155273438e-03
2.329518244544100725e+00 -9.336161613464355469e-02 0.000000000000000000e+00
2.362797076609016500e+00 -8.569049835205078125e-02 7.671117782592773438e-03
2.396075908673931831e+00 -7.813096046447753906e-02 1.523065567016601562e-02
2.429354740738847607e+00 -7.063674926757812500e-02 2.272486686706542969e-02
2.462633572803763826e+00 -6.317496299743652344e-02 3.018665313720703125e-02
2.495912404868679157e+00 -5.569505691528320312e-02 3.766655921936035156e-02
2.529191236933594933e+00 -4.815530776977539062e-02 4.520630836486816406e-02
2.562470068998510708e+00 -4.050254821777343750e-02 5.285906791687011719e-02
2.595748901063426484e+00 -3.269314765930175781e-02 6.066846847534179688e-02
2.629027733128342259e+00 -2.467417716979980469e-02 6.868743896484375000e-02
2.662306565193258034e+00 -1.640915870666503906e-02 7.695245742797851562e-02
2.695585397258173366e+00 -7.856607437133789062e-03 8.550500869750976562e-02
2.728864229323089141e+00 1.017093658447265625e-03 9.437870979309082031e-02
2.762143061388005361e+00 1.022672653198242188e-02 1.035883426666259766e-01
2.795421893452920692e+00 1.979804039001464844e-02 1.131596565246582031e-01
2.828700725517836467e+00 2.972483634948730469e-02 1.230864524841308594e-01
2.861979557582752687e+00 4.000544548034667969e-02 1.333670616149902344e-01
2.895258389647668018e+00 5.064368247985839844e-02 1.440052986145019531e-01
2.928537221712583793e+00 6.162428855895996094e-02 1.549859046936035156e-01
2.961816053777499125e+00 7.292866706848144531e-02 1.662902832031250000e-01
2.995094885842414900e+00 8.454298973083496094e-02 1.779046058654785156e-01
3.028373717907330676e+00 9.643220901489257812e-02 1.897938251495361328e-01
3.061652549972246007e+00 1.085858345031738281e-01 2.019474506378173828e-01
3.094931382037162226e+00 1.209690570831298828e-01 2.143306732177734375e-01
3.128210214102078002e+00 1.335723400115966797e-01 2.269339561462402344e-01
3.161489046166993777e+00 1.463670730590820312e-01 2.397286891937255859e-01
3.194767878231909553e+00 1.593260765075683594e-01 2.526876926422119141e-01
3.228046710296825328e+00 1.724293231964111328e-01 2.657909393310546875e-01
3.261325542361740659e+00 1.856513023376464844e-01 2.790129184722900391e-01
