# r (Angstrom)    E (eV)    ΔE (eV)
2.941928504671981415e+00 2.343177795410156250e-03 9.570479393005371094e-02
3.001967861910184610e+00 -4.971027374267578125e-02 4.365134239196777344e-02
3.062007219148388693e+00 -1.017451286315917969e-01 -8.383512496948242188e-03
3.122046576386592331e+00 -1.525871753692626953e-01 -5.922555923461914062e-02
3.182085933624795970e+00 -2.009546756744384766e-01 -1.075930595397949219e-01
3.242125290862999609e+00 -2.455341815948486328e-01 -1.521725654602050781e-01
3.302164648101203692e+00 -2.850477695465087891e-01 -1.916861534118652344e-01
3.362204005339406887e+00 -3.183369636535644531e-01 -2.249753475189208984e-01
3.422243362577610970e+00 -3.444070816040039062e-01 -2.510454654693603516e-01
3.482282719815814609e+00 -3.625183105468750000e-01 -2.691566944122314453e-01
3.542322077054017804e+00 -3.722012042999267578e-01 -2.788395881652832031e-01
3.602361434292221887e+00 -3.733365535736083984e-01 -2.799749374389648438e-01
3.662400791530425970e+00 -3.661031723022460938e-01 -2.727415561676025391e-01
3.722440148768629165e+00 -3.510506153106689453e-01 -2.576889991760253906e-01
3.782479506006832803e+00 -3.290021419525146484e-01 -2.356405258178710938e-01
3.842518863245036886e+00 -3.010487556457519531e-01 -2.076871395111083984e-01
3.902558220483240525e+00 -2.685360908508300781e-01 -1.751744747161865234e-01
3.962597577721444164e+00 -2.329707145690917969e-01 -1.396090984344482422e-01
4.022636934959647803e+00 -1.959862709045410156e-01 -1.026246547698974609e-01
4.082676292197850998e+00 -1.592609882354736328e-01 -6.589937210083007812e-02
4.142715649436055081e+00 -1.245100498199462891e-01 -3.114843368530273438e-02
4.202755006674259164e+00 -9.336161613464355469e-02 0.000000000000000000e+00
4.262794363912462359e+00 -6.733012199401855469e-02 2.603149414062500000e-02
4.322833721150666442e+00 -4.771327972412109375e-02 4.564833641052246094e-02
4.382873078388869637e+00 -3.554248809814453125e-02 5.781912803649902344e-02
4.442912435627073720e+00 -3.151822090148925781e-02 6.184339523315429688e-02
4.502951792865277802e+00 -3.593087196350097656e-02 5.743074417114257812e-02
4.562991150103480997e+00 -4.865407943725585938e-02 4.470753669738769531e-02
4.623030507341684192e+00 -6.913495063781738281e-02 2.422666549682617188e-02
4.683069864579889163e+00 -9.636878967285156250e-02 -3.007173538208007812e-03
4.743109221818092358e+00 -1.289680004119873047e-01 -3.560638427734375000e-02
4.803148579056295553e+00 -1.652381420135498047e-01 -7.187652587890625000e-02
4.863187936294499636e+00 -2.032890319824218750e-01 -1.099274158477783203e-01
4.923227293532702831e+00 -2.410821914672851562e-01 -1.477205753326416016e-01
4.983266650770906914e+00 -2.766108512878417969e-01 -1.832492351531982422e-01
5.043306008009110997e+00 -3.079500198364257812e-01 -2.145884037017822266e-01
5.103345365247314191e+00 -3.333830833435058594e-01 -2.400214672088623047e-01
5.163384722485519163e+00 -3.514466285705566406e-01 -2.580850124359130859e-01
5.223424079723722357e+00 -3.610720634460449219e-01 -2.677104473114013672e-01
5.283463436961925552e+00 -3.615942001342773438e-01 -2.682325839996337891e-01
5.343502794200128747e+00 -3.527722358703613281e-01 -2.594106197357177734e-01
5.403542151438332830e+00 -3.347156047821044922e-01 -2.413539886474609375e-01
5.463581508676536025e+00 -3.078913688659667969e-01 -2.145297527313232422e-01
5.523620865914739220e+00 -2.730629444122314453e-01 -1.797013282775878906e-01
5.583660223152944191e+00 -2.312273979187011719e-01 -1.378657817840576172e-01
5.643699580391147386e+00 -1.835820674896240234e-01 -9.022045135498046875e-02
5.703738937629352357e+00 -1.314234733581542969e-01 -3.806185722351074219e-02
5.763778294867555552e+00 -7.615184783935546875e-02 1.720976829528808594e-02
5.823817652105758746e+00 -1.921939849853515625e-02 7.414221763610839844e-02
5.883857009343962829e+00 3.791904449462890625e-02 1.312806606292724609e-01
