# r (Angstrom)    E (eV)    ΔE (eV)
2.822456957164461766e+00 7.520395517349243164e-02 2.165812253952026367e-02
2.880058119555573004e+00 6.901514530181884766e-02 1.546931266784667969e-02
2.937659281946684686e+00 6.358176469802856445e-02 1.003593206405639648e-02
2.995260444337795924e+00 5.937254428863525391e-02 5.826711654663085938e-03
3.052861606728907606e+00 5.674499273300170898e-02 3.199160099029541016e-03
3.110462769120018844e+00 5.592083930969238281e-02 2.375006675720214844e-03
3.168063931511130527e+00 5.696433782577514648e-02 3.418505191802978516e-03
3.225665093902241765e+00 5.979967117309570312e-02 6.253838539123535156e-03
3.283266256293353447e+00 6.406444311141967773e-02 1.051861047744750977e-02
3.340867418684464685e+00 6.907963752746582031e-02 1.553380489349365234e-02
3.398468581075575923e+00 7.395988702774047852e-02 2.041405439376831055e-02
3.456069743466687605e+00 7.777225971221923828e-02 2.422642707824707031e-02
3.513670905857799287e+00 7.972866296768188477e-02 2.618283033370971680e-02
3.571272068248910969e+00 7.939982414245605469e-02 2.585399150848388672e-02
3.628873230640022207e+00 7.683384418487548828e-02 2.328801155090332031e-02
3.686474393031133889e+00 7.253313064575195312e-02 1.898729801177978516e-02
3.744075555422245127e+00 6.732606887817382812e-02 1.378023624420166016e-02
3.801676717813356809e+00 6.215381622314453125e-02 8.607983589172363281e-03
3.859277880204468048e+00 5.783563852310180664e-02 4.289805889129638672e-03
3.916879042595579286e+00 5.489051342010498047e-02 1.344680786132812500e-03
3.974480204986690968e+00 5.349576473236083984e-02 -5.006790161132812500e-05
4.032081367377802650e+00 5.354583263397216797e-02 0.000000000000000000e+00
4.089682529768913888e+00 5.477666854858398438e-02 1.230835914611816406e-03
4.147283692160025126e+00 5.691331624984741211e-02 3.367483615875244141e-03
4.204884854551136364e+00 5.973362922668457031e-02 6.187796592712402344e-03
4.262486016942248490e+00 6.304949522018432617e-02 9.503662586212158203e-03
4.320087179333359728e+00 6.664556264877319336e-02 1.309973001480102539e-02
4.377688341724470966e+00 7.018762826919555664e-02 1.664179563522338867e-02
4.435289504115582204e+00 7.318007946014404297e-02 1.963424682617187500e-02
4.492890666506694330e+00 7.501882314682006836e-02 2.147299051284790039e-02
4.550491828897805568e+00 7.513213157653808594e-02 2.158629894256591797e-02
4.608092991288916807e+00 7.316577434539794922e-02 1.961994171142578125e-02
4.665694153680028045e+00 6.913435459136962891e-02 1.558852195739746094e-02
4.723295316071139283e+00 6.347799301147460938e-02 9.932160377502441406e-03
4.780896478462251409e+00 5.704110860824584961e-02 3.495275974273681641e-03
4.838497640853362647e+00 5.093610286712646484e-02 -2.609729766845703125e-03
4.896098803244473885e+00 4.629731178283691406e-02 -7.248520851135253906e-03
4.953699965635586011e+00 4.407995939254760742e-02 -9.465873241424560547e-03
5.011301128026697249e+00 4.490059614181518555e-02 -8.645236492156982422e-03
5.068902290417809375e+00 4.892140626907348633e-02 -4.624426364898681641e-03
5.126503452808920613e+00 5.601286888122558594e-02 2.467036247253417969e-03
5.184104615200031851e+00 6.582164764404296875e-02 1.227581501007080078e-02
5.241705777591143089e+00 7.778471708297729492e-02 2.423888444900512695e-02
5.299306939982254328e+00 9.117996692657470703e-02 3.763413429260253906e-02
5.356908102373366454e+00 1.051876544952392578e-01 5.164182186126708984e-02
5.414509264764477692e+00 1.189320087432861328e-01 6.538617610931396484e-02
5.472110427155589818e+00 1.316049695014953613e-01 7.805913686752319336e-02
5.529711589546701056e+00 1.425463557243347168e-01 8.900052309036254883e-02
5.587312751937812294e+00 1.512922644615173340e-01 9.774643182754516602e-02
5.644913914328923532e+00 1.576199531555175781e-01 1.040741205215454102e-01
