# r (Angstrom)    E (eV)    ΔE (eV)
2.440983198014920585e+00 1.473097801208496094e-01 9.376394748687744141e-02
2.490799181647878058e+00 1.495808362960815430e-01 9.603500366210937500e-02
2.540615165280835974e+00 1.539354920387268066e-01 1.003896594047546387e-01
2.590431148913793002e+00 1.607017517089843750e-01 1.071559190750122070e-01
2.640247132546750919e+00 1.695515513420104980e-01 1.160057187080383301e-01
2.690063116179708391e+00 1.794525980949401855e-01 1.259067654609680176e-01
2.739879099812666308e+00 1.888504624366760254e-01 1.353046298027038574e-01
2.789695083445623336e+00 1.959214806556701660e-01 1.423756480216979980e-01
2.839511067078581252e+00 1.989096999168395996e-01 1.453638672828674316e-01
2.889327050711538725e+00 1.964535713195800781e-01 1.429077386856079102e-01
2.939143034344496197e+00 1.878623962402343750e-01 1.343165636062622070e-01
2.988959017977453669e+00 1.732660531997680664e-01 1.197202205657958984e-01
3.038775001610411586e+00 1.536571979522705078e-01 1.001113653182983398e-01
3.088590985243369058e+00 1.307604312896728516e-01 7.721459865570068359e-02
3.138406968876326530e+00 1.068115234375000000e-01 5.326569080352783203e-02
3.188222952509284003e+00 8.422660827636718750e-02 3.068077564239501953e-02
3.238038936142241475e+00 6.518763303756713867e-02 1.164180040359497070e-02
3.287854919775199392e+00 5.134439468383789062e-02 -2.201437950134277344e-03
3.337670903408156864e+00 4.358565807342529297e-02 -9.960174560546875000e-03
3.387486887041114336e+00 4.196077585220336914e-02 -1.158505678176879883e-02
3.437302870674071809e+00 4.572957754135131836e-02 -7.816255092620849609e-03
3.487118854307029725e+00 5.354583263397216797e-02 0.000000000000000000e+00
3.536934837939987197e+00 6.374198198318481445e-02 1.019614934921264648e-02
3.586750821572944670e+00 7.457304000854492188e-02 2.102720737457275391e-02
3.636566805205901698e+00 8.450829982757568359e-02 3.096246719360351562e-02
3.686382788838860058e+00 9.239643812179565430e-02 3.885060548782348633e-02
3.736198772471817531e+00 9.758371114730834961e-02 4.403787851333618164e-02
3.786014756104775003e+00 9.990990161895751953e-02 4.636406898498535156e-02
3.835830739737732031e+00 9.965825080871582031e-02 4.611241817474365234e-02
3.885646723370690392e+00 9.742403030395507812e-02 4.387819766998291016e-02
3.935462707003647864e+00 9.395629167556762695e-02 4.041045904159545898e-02
3.985278690636605337e+00 8.999145030975341797e-02 3.644561767578125000e-02
4.035094674269562809e+00 8.611363172531127930e-02 3.256779909133911133e-02
4.084910657902519837e+00 8.266282081604003906e-02 2.911698818206787109e-02
4.134726641535477754e+00 7.971441745758056641e-02 2.616858482360839844e-02
4.184542625168435670e+00 7.713150978088378906e-02 2.358567714691162109e-02
4.234358608801392698e+00 7.468092441558837891e-02 2.113509178161621094e-02
4.284174592434351503e+00 7.214039564132690430e-02 1.859456300735473633e-02
4.333990576067308531e+00 6.947398185729980469e-02 1.592814922332763672e-02
4.383806559700265559e+00 6.695032119750976562e-02 1.340448856353759766e-02
4.433622543333223476e+00 6.522595882415771484e-02 1.168012619018554688e-02
4.483438526966180504e+00 6.525456905364990234e-02 1.170873641967773438e-02
4.533254510599138420e+00 6.819838285446166992e-02 1.465255022048950195e-02
4.583070494232095449e+00 7.524293661117553711e-02 2.169710397720336914e-02
4.632886477865053365e+00 8.738505840301513672e-02 3.383922576904296875e-02
4.682702461498011282e+00 1.052314043045043945e-01 5.168557167053222656e-02
4.732518445130969198e+00 1.287693977355957031e-01 7.522356510162353516e-02
4.782334428763926226e+00 1.573042273521423340e-01 1.037583947181701660e-01
4.832150412396884143e+00 1.893720626831054688e-01 1.358262300491333008e-01
4.881966396029841171e+00 2.228749394416809082e-01 1.693291068077087402e-01
