# r (Angstrom)    E (eV)    ΔE (eV)
7.642938023089536070e-01 2.626776695251464844e-04 -5.328315496444702148e-02
7.798916350091362748e-01 7.813572883605957031e-03 -4.573225975036621094e-02
7.954894677093190536e-01 1.505458354949951172e-02 -3.849124908447265625e-02
8.110873004095017214e-01 2.193462848663330078e-02 -3.161120414733886719e-02
8.266851331096846112e-01 2.840924263000488281e-02 -2.513659000396728516e-02
8.422829658098672789e-01 3.443133831024169922e-02 -1.911449432373046875e-02
8.578807985100500577e-01 3.996443748474121094e-02 -1.358139514923095703e-02
8.734786312102327255e-01 4.497355222702026367e-02 -8.572280406951904297e-03
8.890764639104155043e-01 4.943329095840454102e-02 -4.112541675567626953e-03
9.046742966105981720e-01 5.331313610076904297e-02 -2.326965332031250000e-04
9.202721293107808398e-01 5.660068988800048828e-02 3.054857254028320312e-03
9.358699620109636186e-01 5.928325653076171875e-02 5.737423896789550781e-03
9.514677947111463974e-01 6.135505437850952148e-02 7.809221744537353516e-03
9.670656274113290651e-01 6.281095743179321289e-02 9.265124797821044922e-03
9.826634601115117329e-01 6.365543603897094727e-02 1.010960340499877930e-02
9.982612928116945117e-01 6.389564275741577148e-02 1.034981012344360352e-02
1.013859125511877179e+00 6.354439258575439453e-02 9.998559951782226562e-03
1.029456958212060069e+00 6.261748075485229492e-02 9.071648120880126953e-03
1.045054790912242737e+00 6.112968921661376953e-02 7.583856582641601562e-03
1.060652623612425405e+00 5.910801887512207031e-02 5.562186241149902344e-03
1.076250456312608073e+00 5.657213926315307617e-02 3.026306629180908203e-03
1.091848289012790962e+00 5.354583263397216797e-02 0.000000000000000000e+00
1.107446121712973630e+00 5.005568265914916992e-02 -3.490149974822998047e-03
1.123043954413156298e+00 4.612427949905395508e-02 -7.421553134918212891e-03
1.138641787113338966e+00 4.177761077880859375e-02 -1.176822185516357422e-02
1.154239619813521855e+00 3.703820705413818359e-02 -1.650762557983398438e-02
1.169837452513704523e+00 3.192758560180664062e-02 -2.161824703216552734e-02
1.185435285213887191e+00 2.647030353546142578e-02 -2.707552909851074219e-02
1.201033117914069859e+00 2.069115638732910156e-02 -3.285467624664306641e-02
1.216630950614252749e+00 1.460850238800048828e-02 -3.893733024597167969e-02
1.232228783314435416e+00 8.242964744567871094e-03 -4.530286788940429688e-02
1.247826616014618084e+00 1.616656780242919922e-03 -5.192917585372924805e-02
1.263424448714800752e+00 -5.246877670288085938e-03 -5.879271030426025391e-02
1.279022281414983420e+00 -1.232409477233886719e-02 -6.586992740631103516e-02
1.294620114115166531e+00 -1.959228515625000000e-02 -7.313811779022216797e-02
1.310217946815349199e+00 -2.702254056930541992e-02 -8.056837320327758789e-02
1.325815779515531867e+00 -3.459060192108154297e-02 -8.813643455505371094e-02
1.341413612215714757e+00 -4.226362705230712891e-02 -9.580945968627929688e-02
1.357011444915897425e+00 -5.001008510589599609e-02 -1.035559177398681641e-01
1.372609277616080092e+00 -5.779242515563964844e-02 -1.113382577896118164e-01
1.388207110316262760e+00 -6.558316946029663086e-02 -1.191290020942687988e-01
1.403804943016445428e+00 -7.333475351333618164e-02 -1.268805861473083496e-01
1.419402775716628096e+00 -8.101606369018554688e-02 -1.345618963241577148e-01
1.435000608416810763e+00 -8.857929706573486328e-02 -1.421251296997070312e-01
1.450598441116993653e+00 -9.598982334136962891e-02 -1.495356559753417969e-01
1.466196273817176321e+00 -1.032086014747619629e-01 -1.567544341087341309e-01
1.481794106517359211e+00 -1.102012395858764648e-01 -1.637470722198486328e-01
1.497391939217541879e+00 -1.169210076332092285e-01 -1.704668402671813965e-01
1.512989771917724546e+00 -1.233329772949218750e-01 -1.768788099288940430e-01
1.528587604617907214e+00 -1.293979287147521973e-01 -1.829437613487243652e-01
