# r (Angstrom)    E (eV)    ΔE (eV)
2.613494267559498319e+00 1.200310587882995605e-01 6.648522615432739258e-02
2.666830885264793949e+00 7.550317049026489258e-02 2.195733785629272461e-02
2.720167502970090467e+00 3.543061017990112305e-02 -1.811522245407104492e-02
2.773504120675386098e+00 6.145834922790527344e-04 -5.293124914169311523e-02
2.826840738380682172e+00 -2.835863828659057617e-02 -8.190447092056274414e-02
2.880177356085977802e+00 -5.101704597473144531e-02 -1.045628786087036133e-01
2.933513973791273877e+00 -6.692743301391601562e-02 -1.204732656478881836e-01
2.986850591496569507e+00 -7.571792602539062500e-02 -1.292637586593627930e-01
3.040187209201865581e+00 -7.716953754425048828e-02 -1.307153701782226562e-01
3.093523826907161212e+00 -7.145071029663085938e-02 -1.249965429306030273e-01
3.146860444612457286e+00 -5.924862623214721680e-02 -1.127944588661193848e-01
3.200197062317753360e+00 -4.179537296295166016e-02 -9.534120559692382812e-02
3.253533680023049435e+00 -2.092200517654418945e-02 -7.446783781051635742e-02
3.306870297728345065e+00 1.251578330993652344e-03 -5.229425430297851562e-02
3.360206915433640695e+00 2.253997325897216797e-02 -3.100585937500000000e-02
3.413543533138936770e+00 4.100048542022705078e-02 -1.254534721374511719e-02
3.466880150844232400e+00 5.517780780792236328e-02 1.631975173950195312e-03
3.520216768549528474e+00 6.423723697662353516e-02 1.069140434265136719e-02
3.573553386254824549e+00 6.797838211059570312e-02 1.443254947662353516e-02
3.626890003960120179e+00 6.679189205169677734e-02 1.324605941772460938e-02
3.680226621665416253e+00 6.156188249588012695e-02 8.016049861907958984e-03
3.733563239370712328e+00 5.354583263397216797e-02 0.000000000000000000e+00
3.786899857076007958e+00 4.425466060638427734e-02 -9.291172027587890625e-03
3.840236474781303588e+00 3.523170948028564453e-02 -1.831412315368652344e-02
3.893573092486599219e+00 2.787137031555175781e-02 -2.567446231842041016e-02
3.946909710191896181e+00 2.327424287796020508e-02 -3.027158975601196289e-02
4.000246327897191811e+00 2.215516567230224609e-02 -3.139066696166992188e-02
4.053582945602487442e+00 2.486228942871093750e-02 -2.868354320526123047e-02
4.106919563307783072e+00 3.145480155944824219e-02 -2.209103107452392578e-02
4.160256181013079591e+00 4.167348146438598633e-02 -1.187235116958618164e-02
4.213592798718375221e+00 5.517333745956420898e-02 1.627504825592041016e-03
4.266929416423670851e+00 7.149082422256469727e-02 1.794499158859252930e-02
4.320266034128966481e+00 8.997350931167602539e-02 3.642767667770385742e-02
4.373602651834262112e+00 1.097369790077209473e-01 5.619114637374877930e-02
4.426939269539558630e+00 1.295841336250305176e-01 7.603830099105834961e-02
4.480275887244854260e+00 1.481330394744873047e-01 9.458720684051513672e-02
4.533612504950149891e+00 1.639562249183654785e-01 1.104103922843933105e-01
4.586949122655447297e+00 1.757580041885375977e-01 1.222121715545654297e-01
4.640285740360742928e+00 1.825488805770874023e-01 1.290030479431152344e-01
4.693622358066038558e+00 1.837520599365234375e-01 1.302062273025512695e-01
4.746958975771334188e+00 1.791096925735473633e-01 1.255638599395751953e-01
4.800295593476629818e+00 1.688362956047058105e-01 1.152904629707336426e-01
4.853632211181925449e+00 1.536490917205810547e-01 1.001032590866088867e-01
4.906968828887221079e+00 1.347771883010864258e-01 8.123135566711425781e-02
4.960305446592517598e+00 1.138206124305725098e-01 6.027477979660034180e-02
5.013642064297813228e+00 9.254860877990722656e-02 3.900277614593505859e-02
5.066978682003109746e+00 7.262957096099853516e-02 1.908373832702636719e-02
5.120315299708405377e+00 5.541342496871948242e-02 1.867592334747314453e-03
5.173651917413701007e+00 4.184424877166748047e-02 -1.170158386230468750e-02
5.226988535118996637e+00 3.236240148544311523e-02 -2.118343114852905273e-02
