# r (Angstrom)    E (eV)    ΔE (eV)
3.283838342448903713e+00 1.415069103240966797e-01 8.796107769012451172e-02
3.350855451478472968e+00 1.339439153671264648e-01 8.039808273315429688e-02
3.417872560508042667e+00 1.313996911048889160e-01 7.785385847091674805e-02
3.484889669537611923e+00 1.325808763504028320e-01 7.903504371643066406e-02
3.551906778567181622e+00 1.360837817192077637e-01 8.253794908523559570e-02
3.618923887596750877e+00 1.406148076057434082e-01 8.706897497177124023e-02
3.685940996626321020e+00 1.451848149299621582e-01 9.163898229598999023e-02
3.752958105655889831e+00 1.490892171859741211e-01 9.554338455200195312e-02
3.819975214685459974e+00 1.517466902732849121e-01 9.820085763931274414e-02
3.886992323715029229e+00 1.525549292564392090e-01 9.900909662246704102e-02
3.954009432744598485e+00 1.509118676185607910e-01 9.736603498458862305e-02
4.021026541774167740e+00 1.464540958404541016e-01 9.290826320648193359e-02
4.088043650803737883e+00 1.391715407371520996e-01 8.562570810317993164e-02
4.155060759833307138e+00 1.293425559997558594e-01 7.579672336578369141e-02
4.222077868862876393e+00 1.175082921981811523e-01 6.396245956420898438e-02
4.289094977892445648e+00 1.044887304306030273e-01 5.094289779663085938e-02
4.356112086922014903e+00 9.123837947845458984e-02 3.769254684448242188e-02
4.423129195951585046e+00 7.877230644226074219e-02 2.522647380828857422e-02
4.490146304981154302e+00 6.814926862716674805e-02 1.460343599319458008e-02
4.557163414010723557e+00 6.012541055679321289e-02 6.579577922821044922e-03
4.624180523040292812e+00 5.520987510681152344e-02 1.664042472839355469e-03
4.691197632069862955e+00 5.354583263397216797e-02 0.000000000000000000e+00
4.758214741099432210e+00 5.497622489929199219e-02 1.430392265319824219e-03
4.825231850129001465e+00 5.895876884460449219e-02 5.412936210632324219e-03
4.892248959158570720e+00 6.464946269989013672e-02 1.110363006591796875e-02
4.959266068188140864e+00 7.116591930389404297e-02 1.762008666992187500e-02
5.026283177217710119e+00 7.778918743133544922e-02 2.424335479736328125e-02
5.093300286247279374e+00 8.408755064010620117e-02 3.054171800613403320e-02
5.160317395276848629e+00 8.998245000839233398e-02 3.643661737442016602e-02
5.227334504306418772e+00 9.572088718414306641e-02 4.217505455017089844e-02
5.294351613335988027e+00 1.018275022506713867e-01 4.828166961669921875e-02
5.361368722365557282e+00 1.089882254600524902e-01 5.544239282608032227e-02
5.428385831395126537e+00 1.179289817810058594e-01 6.438314914703369141e-02
5.495402940424695792e+00 1.292871832847595215e-01 7.574135065078735352e-02
5.562420049454265936e+00 1.434728503227233887e-01 8.992701768875122070e-02
5.629437158483835191e+00 1.605654358863830566e-01 1.070196032524108887e-01
5.696454267513404446e+00 1.801843643188476562e-01 1.266385316848754883e-01
5.763471376542974589e+00 2.016565799713134766e-01 1.481107473373413086e-01
5.830488485572543844e+00 2.241489887237548828e-01 1.706031560897827148e-01
5.897505594602113099e+00 2.468435764312744141e-01 1.932977437973022461e-01
5.964522703631682354e+00 2.691536545753479004e-01 2.156078219413757324e-01
6.031539812661251609e+00 2.907393574714660645e-01 2.371935248374938965e-01
6.098556921690820865e+00 3.115241527557373047e-01 2.579783201217651367e-01
6.165574030720390120e+00 3.317581415176391602e-01 2.782123088836669922e-01
6.232591139749960263e+00 3.517668843269348145e-01 2.982210516929626465e-01
6.299608248779529518e+00 3.716968894004821777e-01 3.181510567665100098e-01
6.366625357809099661e+00 3.912799954414367676e-01 3.377341628074645996e-01
6.433642466838668916e+00 4.096856117248535156e-01 3.561397790908813477e-01
6.500659575868238171e+00 4.254403114318847656e-01 3.718944787979125977e-01
6.567676684897807426e+00 4.365392923355102539e-01 3.829934597015380859e-01
