# r (Angstrom)    E (eV)    ΔE (eV)
2.617271616262912826e+00 1.697490215301513672e-01 1.162031888961791992e-01
2.670685322717257559e+00 1.207261085510253906e-01 6.718027591705322266e-02
2.724099029171603181e+00 7.584494352340698242e-02 2.229911088943481445e-02
2.777512735625947915e+00 3.606677055358886719e-02 -1.747906208038330078e-02
2.830926442080293537e+00 2.052664756774902344e-03 -5.149316787719726562e-02
2.884340148534638271e+00 -2.563881874084472656e-02 -7.918465137481689453e-02
2.937753854988983893e+00 -4.647159576416015625e-02 -1.000174283981323242e-01
2.991167561443328626e+00 -5.998086929321289062e-02 -1.135267019271850586e-01
3.044581267897674248e+00 -6.578701734542846680e-02 -1.193328499794006348e-01
3.097994974352018982e+00 -6.384640932083129883e-02 -1.173922419548034668e-01
3.151408680806364160e+00 -5.463248491287231445e-02 -1.081783175468444824e-01
3.204822387260709338e+00 -3.930377960205078125e-02 -9.284961223602294922e-02
3.258236093715054515e+00 -1.972520351409912109e-02 -7.327103614807128906e-02
3.311649800169399693e+00 1.797139644622802734e-03 -5.174869298934936523e-02
3.365063506623744871e+00 2.284646034240722656e-02 -3.069937229156494141e-02
3.418477213078090049e+00 4.125666618347167969e-02 -1.228916645050048828e-02
3.471890919532435227e+00 5.539876222610473633e-02 1.852929592132568359e-03
3.525304625986780405e+00 6.435471773147583008e-02 1.080888509750366211e-02
3.578718332441125582e+00 6.793868541717529297e-02 1.439285278320312500e-02
3.632132038895470316e+00 6.660979986190795898e-02 1.306396722793579102e-02
3.685545745349815938e+00 6.135880947113037109e-02 7.812976837158203125e-03
3.738959451804161116e+00 5.354583263397216797e-02 0.000000000000000000e+00
3.792373158258506294e+00 4.476612806320190430e-02 -8.779704570770263672e-03
3.845786864712851028e+00 3.663069009780883789e-02 -1.691514253616333008e-02
3.899200571167196205e+00 3.058445453643798828e-02 -2.296137809753417969e-02
3.952614277621541827e+00 2.775412797927856445e-02 -2.579170465469360352e-02
4.006027984075887005e+00 2.884805202484130859e-02 -2.469778060913085938e-02
4.059441690530231739e+00 3.416782617568969727e-02 -1.937800645828247070e-02
4.112855396984576473e+00 4.366916418075561523e-02 -9.876668453216552734e-03
4.166269103438922095e+00 5.695194005966186523e-02 3.406107425689697266e-03
4.219682809893267716e+00 7.351016998291015625e-02 1.996433734893798828e-02
4.273096516347612450e+00 9.275776147842407227e-02 3.921192884445190430e-02
4.326510222801957184e+00 1.139943599700927734e-01 6.044852733612060547e-02
4.379923929256302806e+00 1.363844275474548340e-01 8.283859491348266602e-02
4.433337635710648428e+00 1.589492559432983398e-01 1.054034233093261719e-01
4.486751342164993162e+00 1.805953979492187500e-01 1.270495653152465820e-01
4.540165048619337895e+00 2.000945210456848145e-01 1.465486884117126465e-01
4.593578755073683517e+00 2.161968946456909180e-01 1.626510620117187500e-01
4.646992461528029139e+00 2.276895046234130859e-01 1.741436719894409180e-01
4.700406167982373873e+00 2.333301901817321777e-01 1.797843575477600098e-01
4.753819874436718607e+00 2.320362329483032227e-01 1.784904003143310547e-01
4.807233580891064229e+00 2.230296134948730469e-01 1.694837808609008789e-01
4.860647287345408962e+00 2.059503197669982910e-01 1.524044871330261230e-01
4.914060993799753696e+00 1.810102462768554688e-01 1.274644136428833008e-01
4.967474700254099318e+00 1.490774750709533691e-01 9.553164243698120117e-02
5.020888406708444940e+00 1.116514205932617188e-01 5.810558795928955078e-02
5.074302113162790562e+00 7.075715065002441406e-02 1.721131801605224609e-02
5.127715819617135296e+00 2.876764535903930664e-02 -2.477818727493286133e-02
5.181129526071480029e+00 -1.189625263214111328e-02 -6.544208526611328125e-02
5.234543232525825651e+00 -4.902315139770507812e-02 -1.025689840316772461e-01
