# r (Angstrom)    E (eV)    ΔE (eV)
2.941928504671981415e+00 1.541824340820312500e-01 1.006366014480590820e-01
3.001967861910184610e+00 1.484838128089904785e-01 9.493798017501831055e-02
3.062007219148388693e+00 1.455427408218383789e-01 9.199690818786621094e-02
3.122046576386592331e+00 1.443894505500793457e-01 9.084361791610717773e-02
3.182085933624795970e+00 1.442468762397766113e-01 9.070104360580444336e-02
3.242125290862999609e+00 1.445425152778625488e-01 9.099668264389038086e-02
3.302164648101203692e+00 1.448240280151367188e-01 9.127819538116455078e-02
3.362204005339406887e+00 1.446576714515686035e-01 9.111183881759643555e-02
3.422243362577610970e+00 1.435230970382690430e-01 8.997726440429687500e-02
3.482282719815814609e+00 1.409169435501098633e-01 8.737111091613769531e-02
3.542322077054017804e+00 1.364953517913818359e-01 8.294951915740966797e-02
3.602361434292221887e+00 1.301366090774536133e-01 7.659077644348144531e-02
3.662400791530425970e+00 1.219295859336853027e-01 6.838375329971313477e-02
3.722440148768629165e+00 1.122016310691833496e-01 5.865579843521118164e-02
3.782479506006832803e+00 1.014689803123474121e-01 4.792314767837524414e-02
3.842518863245036886e+00 9.037470817565917969e-02 3.682887554168701172e-02
3.902558220483240525e+00 7.963824272155761719e-02 2.609241008758544922e-02
3.962597577721444164e+00 7.004123926162719727e-02 1.649540662765502930e-02
4.022636934959647803e+00 6.227600574493408203e-02 8.730173110961914062e-03
4.082676292197850998e+00 5.679953098297119141e-02 3.253698348999023438e-03
4.142715649436055081e+00 5.389326810836791992e-02 3.474354743957519531e-04
4.202755006674259164e+00 5.354583263397216797e-02 0.000000000000000000e+00
4.262794363912462359e+00 5.551564693450927734e-02 1.969814300537109375e-03
4.322833721150666442e+00 5.926036834716796875e-02 5.714535713195800781e-03
4.382873078388869637e+00 6.401532888412475586e-02 1.046949625015258789e-02
4.442912435627073720e+00 6.899541616439819336e-02 1.544958353042602539e-02
4.502951792865277802e+00 7.354134321212768555e-02 1.999551057815551758e-02
4.562991150103480997e+00 7.726138830184936523e-02 2.371555566787719727e-02
4.623030507341684192e+00 8.007276058197021484e-02 2.652692794799804688e-02
4.683069864579889163e+00 8.220708370208740234e-02 2.866125106811523438e-02
4.743109221818092358e+00 8.416467905044555664e-02 3.061884641647338867e-02
4.803148579056295553e+00 8.660978078842163086e-02 3.306394815444946289e-02
4.863187936294499636e+00 9.026575088500976562e-02 3.671991825103759766e-02
4.923227293532702831e+00 9.585213661193847656e-02 4.230630397796630859e-02
4.983266650770906914e+00 1.039757132530212402e-01 5.042988061904907227e-02
5.043306008009110997e+00 1.150258779525756836e-01 6.148004531860351562e-02
5.103345365247314191e+00 1.290843486785888672e-01 7.553851604461669922e-02
5.163384722485519163e+00 1.458656787872314453e-01 9.231984615325927734e-02
5.223424079723722357e+00 1.648347973823547363e-01 1.112889647483825684e-01
5.283463436961925552e+00 1.853131651878356934e-01 1.317673325538635254e-01
5.343502794200128747e+00 2.066026926040649414e-01 1.530568599700927734e-01
5.403542151438332830e+00 2.281467318534851074e-01 1.746008992195129395e-01
5.463581508676536025e+00 2.496504187583923340e-01 1.961045861244201660e-01
5.523620865914739220e+00 2.710994482040405273e-01 2.175536155700683594e-01
5.583660223152944191e+00 2.926566600799560547e-01 2.391108274459838867e-01
5.643699580391147386e+00 3.145641684532165527e-01 2.610183358192443848e-01
5.703738937629352357e+00 3.368613123893737793e-01 2.833154797554016113e-01
5.763778294867555552e+00 3.591646552085876465e-01 3.056188225746154785e-01
5.823817652105758746e+00 3.806046247482299805e-01 3.270587921142578125e-01
5.883857009343962829e+00 3.998424410820007324e-01 3.462966084480285645e-01
