# r (Angstrom)    E (eV)    ΔE (eV)
2.740331508098328595e+00 2.765560150146484375e-01 2.230088710784912109e-01
2.796256640916661595e+00 2.895235419273376465e-01 2.359763979911804199e-01
2.852181773734995041e+00 3.006137609481811523e-01 2.470666170120239258e-01
2.908106906553328042e+00 3.091323375701904297e-01 2.555851936340332031e-01
2.964032039371661487e+00 3.144634366035461426e-01 2.609162926673889160e-01
3.019957172189994488e+00 3.160455226898193359e-01 2.624983787536621094e-01
3.075882305008327933e+00 3.134071826934814453e-01 2.598600387573242188e-01
3.131807437826660934e+00 3.062338829040527344e-01 2.526867389678955078e-01
3.187732570644994379e+00 2.944250106811523438e-01 2.408778667449951172e-01
3.243657703463327380e+00 2.781443595886230469e-01 2.245972156524658203e-01
3.299582836281660381e+00 2.578486800193786621e-01 2.043015360832214355e-01
3.355507969099993826e+00 2.342981100082397461e-01 1.807509660720825195e-01
3.411433101918327271e+00 2.085272669792175293e-01 1.549801230430603027e-01
3.467358234736660272e+00 1.817715167999267578e-01 1.282243728637695312e-01
3.523283367554993717e+00 1.553568243980407715e-01 1.018096804618835449e-01
3.579208500373327162e+00 1.305758357048034668e-01 7.702869176864624023e-02
3.635133633191660163e+00 1.085939407348632812e-01 5.504679679870605469e-02
3.691058766009993608e+00 9.019470214843750000e-02 3.664755821228027344e-02
3.746983898828326609e+00 7.573628425598144531e-02 2.218914031982421875e-02
3.802909031646659610e+00 6.515264511108398438e-02 1.160550117492675781e-02
3.858834164464993055e+00 5.799537897109985352e-02 4.448235034942626953e-03
3.914759297283326500e+00 5.354714393615722656e-02 0.000000000000000000e+00
3.970684430101659501e+00 5.101263523101806641e-02 -2.534508705139160156e-03
4.026609562919992946e+00 4.955089092254638672e-02 -3.996253013610839844e-03
4.082534695738325503e+00 4.837614297866821289e-02 -5.171000957489013672e-03
4.138459828556659836e+00 4.686921834945678711e-02 -6.677925586700439453e-03
4.194384961374992393e+00 4.465514421463012695e-02 -8.891999721527099609e-03
4.250310094193325838e+00 4.164278507232666016e-02 -1.190435886383056641e-02
4.306235227011658395e+00 3.803169727325439453e-02 -1.551544666290283203e-02
4.362160359829992728e+00 3.427475690841674805e-02 -1.927238702774047852e-02
4.418085492648325285e+00 3.101104497909545898e-02 -2.253609895706176758e-02
4.474010625466658730e+00 2.897143363952636719e-02 -2.457571029663085938e-02
4.529935758284991287e+00 2.885872125625610352e-02 -2.468842267990112305e-02
4.585860891103324732e+00 3.126960992813110352e-02 -2.227753400802612305e-02
4.641786023921658177e+00 3.659039735794067383e-02 -1.695674657821655273e-02
4.697711156739991623e+00 4.496252536773681641e-02 -8.584618568420410156e-03
4.753636289558325068e+00 5.636996030807495117e-02 2.822816371917724609e-03
4.809561422376658513e+00 7.063871622085571289e-02 1.709157228469848633e-02
4.865486555194991958e+00 8.751934766769409180e-02 3.397220373153686523e-02
4.921411688013324515e+00 1.067587137222290039e-01 5.321156978607177734e-02
4.977336820831657960e+00 1.281294226646423340e-01 7.458227872848510742e-02
5.033261953649990517e+00 1.514335870742797852e-01 9.788644313812255859e-02
5.089187086468323962e+00 1.764776706695556641e-01 1.229305267333984375e-01
5.145112219286656519e+00 2.029908895492553711e-01 1.494437456130981445e-01
5.201037352104990852e+00 2.305299043655395508e-01 1.769827604293823242e-01
5.256962484923323409e+00 2.585891485214233398e-01 2.050420045852661133e-01
5.312887617741657742e+00 2.865898609161376953e-01 2.330427169799804688e-01
5.368812750559990299e+00 3.138831257820129395e-01 2.603359818458557129e-01
5.424737883378323744e+00 3.398055434226989746e-01 2.862583994865417480e-01
5.480663016196657189e+00 3.637504577636718750e-01 3.102033138275146484e-01
