# r (Angstrom)    E (eV)    ΔE (eV)
1.748989074702216318e+00 2.220522761344909668e-01 1.685051321983337402e-01
1.784682729287975889e+00 2.234628796577453613e-01 1.699157357215881348e-01
1.820376383873735460e+00 2.226763963699340820e-01 1.691292524337768555e-01
1.856070038459494809e+00 2.192530632019042969e-01 1.657059192657470703e-01
1.891763693045254602e+00 2.129029035568237305e-01 1.593557596206665039e-01
1.927457347631013951e+00 2.035170793533325195e-01 1.499699354171752930e-01
1.963151002216773522e+00 1.911850571632385254e-01 1.376379132270812988e-01
1.998844656802532871e+00 1.762024164199829102e-01 1.226552724838256836e-01
2.034538311388292442e+00 1.590651273727416992e-01 1.055179834365844727e-01
2.070231965974052013e+00 1.404281854629516602e-01 8.688104152679443359e-02
2.105925620559811584e+00 1.210858225822448730e-01 6.753867864608764648e-02
2.141619275145571155e+00 1.019009947776794434e-01 4.835385084152221680e-02
2.177312929731330726e+00 8.376652002334594727e-02 3.021937608718872070e-02
2.213006584317090297e+00 6.754094362258911133e-02 1.399379968643188477e-02
2.248700238902849424e+00 5.395328998565673828e-02 4.061460494995117188e-04
2.284393893488609439e+00 4.356396198272705078e-02 -9.983181953430175781e-03
2.320087548074368566e+00 3.674173355102539062e-02 -1.680541038513183594e-02
2.355781202660128137e+00 3.362572193145751953e-02 -1.992142200469970703e-02
2.391474857245887709e+00 3.413063287734985352e-02 -1.941651105880737305e-02
2.427168511831647280e+00 3.796231746673583984e-02 -1.558482646942138672e-02
2.462862166417406851e+00 4.463750123977661133e-02 -8.909642696380615234e-03
2.498555821003166422e+00 5.354714393615722656e-02 0.000000000000000000e+00
2.534249475588925993e+00 6.400167942047119141e-02 1.045453548431396484e-02
2.569943130174685120e+00 7.528293132781982422e-02 2.173578739166259766e-02
2.605636784760444691e+00 8.669209480285644531e-02 3.314495086669921875e-02
2.641330439346204706e+00 9.761512279510498047e-02 4.406797885894775391e-02
2.677024093931963833e+00 1.075398921966552734e-01 5.399274826049804688e-02
2.712717748517723404e+00 1.160960197448730469e-01 6.254887580871582031e-02
2.748411403103482531e+00 1.230450868606567383e-01 6.949794292449951172e-02
2.784105057689242546e+00 1.283043622970581055e-01 7.475721836090087891e-02
2.819798712275002117e+00 1.319125890731811523e-01 7.836544513702392578e-02
2.855492366860761688e+00 1.340222358703613281e-01 8.047509193420410156e-02
2.891186021446520815e+00 1.348647475242614746e-01 8.131760358810424805e-02
2.926879676032280386e+00 1.347135305404663086e-01 8.116638660430908203e-02
2.962573330618040401e+00 1.338692307472229004e-01 8.032208681106567383e-02
2.998266985203799528e+00 1.326085925102233887e-01 7.906144857406616211e-02
3.033960639789559099e+00 1.311693787574768066e-01 7.762223482131958008e-02
3.069654294375319115e+00 1.297297477722167969e-01 7.618260383605957031e-02
3.105347948961078242e+00 1.284020543098449707e-01 7.485491037368774414e-02
3.141041603546837813e+00 1.272206902503967285e-01 7.367354631423950195e-02
3.176735258132596940e+00 1.261567473411560059e-01 7.260960340499877930e-02
3.212428912718356511e+00 1.251367926597595215e-01 7.158964872360229492e-02
3.248122567304116082e+00 1.240492463111877441e-01 7.050210237503051758e-02
3.283816221889875209e+00 1.227697730064392090e-01 6.922262907028198242e-02
3.319509876475635224e+00 1.212045550346374512e-01 6.765741109848022461e-02
3.355203531061394795e+00 1.193088293075561523e-01 6.576168537139892578e-02
3.390897185647154366e+00 1.171101331710815430e-01 6.356298923492431641e-02
3.426590840232913937e+00 1.147240400314331055e-01 6.117689609527587891e-02
3.462284494818673508e+00 1.123579740524291992e-01 5.881083011627197266e-02
3.497978149404432635e+00 1.103207468986511230e-01 5.677360296249389648e-02
