# r (Angstrom)    E (eV)    ΔE (eV)
2.440983198014920585e+00 1.473095417022705078e-01 9.376239776611328125e-02
2.490799181647878058e+00 1.495811939239501953e-01 9.603404998779296875e-02
2.540615165280835974e+00 1.539346575736999512e-01 1.003875136375427246e-01
2.590431148913793002e+00 1.607025265693664551e-01 1.071553826332092285e-01
2.640247132546750919e+00 1.695511341094970703e-01 1.160039901733398438e-01
2.690063116179708391e+00 1.794524788856506348e-01 1.259053349494934082e-01
2.739879099812666308e+00 1.888505220413208008e-01 1.353033781051635742e-01
2.789695083445623336e+00 1.959217190742492676e-01 1.423745751380920410e-01
2.839511067078581252e+00 1.989095211029052734e-01 1.453623771667480469e-01
2.889327050711538725e+00 1.964532136917114258e-01 1.429060697555541992e-01
2.939143034344496197e+00 1.878618597984313965e-01 1.343147158622741699e-01
2.988959017977453669e+00 1.732654571533203125e-01 1.197183132171630859e-01
3.038775001610411586e+00 1.536576151847839355e-01 1.001104712486267090e-01
3.088590985243369058e+00 1.307609081268310547e-01 7.721376419067382812e-02
3.138406968876326530e+00 1.068121790885925293e-01 5.326503515243530273e-02
3.188222952509284003e+00 8.422601222991943359e-02 3.067886829376220703e-02
3.238038936142241475e+00 6.518822908401489258e-02 1.164108514785766602e-02
3.287854919775199392e+00 5.134367942810058594e-02 -2.203464508056640625e-03
3.337670903408156864e+00 4.358643293380737305e-02 -9.960711002349853516e-03
3.387486887041114336e+00 4.196143150329589844e-02 -1.158571243286132812e-02
3.437302870674071809e+00 4.572814702987670898e-02 -7.818996906280517578e-03
3.487118854307029725e+00 5.354714393615722656e-02 0.000000000000000000e+00
3.536934837939987197e+00 6.374067068099975586e-02 1.019352674484252930e-02
3.586750821572944670e+00 7.457363605499267578e-02 2.102649211883544922e-02
3.636566805205901698e+00 8.450883626937866211e-02 3.096169233322143555e-02
3.686382788838860058e+00 9.239637851715087891e-02 3.884923458099365234e-02
3.736198772471817531e+00 9.758353233337402344e-02 4.403638839721679688e-02
3.786014756104775003e+00 9.990948438644409180e-02 4.636234045028686523e-02
3.835830739737732031e+00 9.965908527374267578e-02 4.611194133758544922e-02
3.885646723370690392e+00 9.742468595504760742e-02 4.387754201889038086e-02
3.935462707003647864e+00 9.395617246627807617e-02 4.040902853012084961e-02
3.985278690636605337e+00 8.999150991439819336e-02 3.644436597824096680e-02
4.035094674269562809e+00 8.611351251602172852e-02 3.256636857986450195e-02
4.084910657902519837e+00 8.266210556030273438e-02 2.911496162414550781e-02
4.134726641535477754e+00 7.971435785293579102e-02 2.616721391677856445e-02
4.184542625168435670e+00 7.713139057159423828e-02 2.358424663543701172e-02
4.234358608801392698e+00 7.468032836914062500e-02 2.113318443298339844e-02
4.284174592434351503e+00 7.214105129241943359e-02 1.859390735626220703e-02
4.333990576067308531e+00 6.947422027587890625e-02 1.592707633972167969e-02
4.383806559700265559e+00 6.695133447647094727e-02 1.340419054031372070e-02
4.433622543333223476e+00 6.522530317306518555e-02 1.167815923690795898e-02
4.483438526966180504e+00 6.525439023971557617e-02 1.170724630355834961e-02
4.533254510599138420e+00 6.819832324981689453e-02 1.465117931365966797e-02
4.583070494232095449e+00 7.524311542510986328e-02 2.169597148895263672e-02
4.632886477865053365e+00 8.738672733306884766e-02 3.383958339691162109e-02
4.682702461498011282e+00 1.052314043045043945e-01 5.168426036834716797e-02
4.732518445130969198e+00 1.287686228752136230e-01 7.522147893905639648e-02
4.782334428763926226e+00 1.573038101196289062e-01 1.037566661834716797e-01
4.832150412396884143e+00 1.893714666366577148e-01 1.358243227005004883e-01
4.881966396029841171e+00 2.228746414184570312e-01 1.693274974822998047e-01
