# r (Angstrom)    E (eV)    ΔE (eV)
2.027995620567486057e+00 1.065275669097900391e-01 5.298042297363281250e-02
2.069383286293353219e+00 1.021056771278381348e-01 4.855853319168090820e-02
2.110770952019220381e+00 9.788966178894042969e-02 4.434251785278320312e-02
2.152158617745087099e+00 9.332484006881713867e-02 3.977769613265991211e-02
2.193546283470954261e+00 8.791959285736083984e-02 3.437244892120361328e-02
2.234933949196821423e+00 8.135056495666503906e-02 2.780342102050781250e-02
2.276321614922688585e+00 7.350891828536987305e-02 1.996177434921264648e-02
2.317709280648555747e+00 6.451797485351562500e-02 1.097083091735839844e-02
2.359096946374422910e+00 5.473762750625610352e-02 1.190483570098876953e-03
2.400484612100289628e+00 4.470372200012207031e-02 -8.843421936035156250e-03
2.441872277826156790e+00 3.506463766098022461e-02 -1.848250627517700195e-02
2.483259943552023952e+00 2.651846408843994141e-02 -2.702867984771728516e-02
2.524647609277891114e+00 1.971888542175292969e-02 -3.382825851440429688e-02
2.566035275003757832e+00 1.519536972045898438e-02 -3.835177421569824219e-02
2.607422940729624994e+00 1.328665018081665039e-02 -4.026049375534057617e-02
2.648810606455492156e+00 1.410257816314697266e-02 -3.944456577301025391e-02
2.690198272181359318e+00 1.749503612518310547e-02 -3.605210781097412109e-02
2.731585937907226480e+00 2.307522296905517578e-02 -3.047192096710205078e-02
2.772973603633093198e+00 3.023844957351684570e-02 -2.330869436264038086e-02
2.814361269358960360e+00 3.823089599609375000e-02 -1.531624794006347656e-02
2.855748935084827522e+00 4.624909162521362305e-02 -7.298052310943603516e-03
2.897136600810694684e+00 5.354714393615722656e-02 0.000000000000000000e+00
2.938524266536561402e+00 5.950480699539184570e-02 5.957663059234619141e-03
2.979911932262428564e+00 6.373381614685058594e-02 1.018667221069335938e-02
3.021299597988295282e+00 6.608879566192626953e-02 1.254165172576904297e-02
3.062687263714162889e+00 6.671202182769775391e-02 1.316487789154052734e-02
3.104074929440030051e+00 6.600362062454223633e-02 1.245647668838500977e-02
3.145462595165896769e+00 6.457722187042236328e-02 1.103007793426513672e-02
3.186850260891763931e+00 6.319040060043334961e-02 9.643256664276123047e-03
3.228237926617631537e+00 6.263762712478637695e-02 9.090483188629150391e-03
3.269625592343498255e+00 6.365633010864257812e-02 1.010918617248535156e-02
3.311013258069364973e+00 6.682097911834716797e-02 1.327383518218994141e-02
3.352400923795232135e+00 7.247442007064819336e-02 1.892727613449096680e-02
3.393788589521098853e+00 8.067595958709716797e-02 2.712881565093994141e-02
3.435176255246966459e+00 9.118074178695678711e-02 3.763359785079956055e-02
3.476563920972833621e+00 1.034667491912841797e-01 4.991960525512695312e-02
3.517951586698700339e+00 1.167849898338317871e-01 6.323784589767456055e-02
3.559339252424567945e+00 1.302534937858581543e-01 7.670634984970092773e-02
3.600726918150435107e+00 1.429476737976074219e-01 8.940052986145019531e-02
3.642114583876301825e+00 1.539990901947021484e-01 1.004519462585449219e-01
3.683502249602168543e+00 1.627135276794433594e-01 1.091663837432861328e-01
3.724889915328035705e+00 1.686210632324218750e-01 1.150739192962646484e-01
3.766277581053902423e+00 1.715005636215209961e-01 1.179534196853637695e-01
3.807665246779769586e+00 1.713830232620239258e-01 1.178358793258666992e-01
3.849052912505637192e+00 1.685120463371276855e-01 1.149649024009704590e-01
3.890440578231503910e+00 1.632909178733825684e-01 1.097437739372253418e-01
3.931828243957371516e+00 1.562132835388183594e-01 1.026661396026611328e-01
3.973215909683238678e+00 1.477956771850585938e-01 9.424853324890136719e-02
4.014603575409105396e+00 1.385379433631896973e-01 8.499079942703247070e-02
4.055991241134972114e+00 1.288962960243225098e-01 7.534915208816528320e-02
