# r (Angstrom)    E (eV)    ΔE (eV)
7.642938023089536070e-01 2.629756927490234375e-04 -5.328416824340820312e-02
7.798916350091362748e-01 7.813692092895507812e-03 -4.573345184326171875e-02
7.954894677093190536e-01 1.505506038665771484e-02 -3.849208354949951172e-02
8.110873004095017214e-01 2.193516492843627930e-02 -3.161197900772094727e-02
8.266851331096846112e-01 2.840942144393920898e-02 -2.513772249221801758e-02
8.422829658098672789e-01 3.443127870559692383e-02 -1.911586523056030273e-02
8.578807985100500577e-01 3.996425867080688477e-02 -1.358288526535034180e-02
8.734786312102327255e-01 4.497408866882324219e-02 -8.573055267333984375e-03
8.890764639104155043e-01 4.943311214447021484e-02 -4.114031791687011719e-03
9.046742966105981720e-01 5.331212282180786133e-02 -2.350211143493652344e-04
9.202721293107808398e-01 5.660164356231689453e-02 3.054499626159667969e-03
9.358699620109636186e-01 5.928277969360351562e-02 5.735635757446289062e-03
9.514677947111463974e-01 6.135445833206176758e-02 7.807314395904541016e-03
9.670656274113290651e-01 6.281089782714843750e-02 9.263753890991210938e-03
9.826634601115117329e-01 6.365519762039184570e-02 1.010805368423461914e-02
9.982612928116945117e-01 6.389492750167846680e-02 1.034778356552124023e-02
1.013859125511877179e+00 6.354522705078125000e-02 9.998083114624023438e-03
1.029456958212060069e+00 6.261652708053588867e-02 9.069383144378662109e-03
1.045054790912242737e+00 6.113034486770629883e-02 7.583200931549072266e-03
1.060652623612425405e+00 5.910772085189819336e-02 5.560576915740966797e-03
1.076250456312608073e+00 5.657196044921875000e-02 3.024816513061523438e-03
1.091848289012790962e+00 5.354714393615722656e-02 0.000000000000000000e+00
1.107446121712973630e+00 5.005675554275512695e-02 -3.490388393402099609e-03
1.123043954413156298e+00 4.612410068511962891e-02 -7.423043251037597656e-03
1.138641787113338966e+00 4.177767038345336914e-02 -1.176947355270385742e-02
1.154239619813521855e+00 3.703844547271728516e-02 -1.650869846343994141e-02
1.169837452513704523e+00 3.192853927612304688e-02 -2.161860466003417969e-02
1.185435285213887191e+00 2.647060155868530273e-02 -2.707654237747192383e-02
1.201033117914069859e+00 2.069067955017089844e-02 -3.285646438598632812e-02
1.216630950614252749e+00 1.460850238800048828e-02 -3.893864154815673828e-02
1.232228783314435416e+00 8.242487907409667969e-03 -4.530465602874755859e-02
1.247826616014618084e+00 1.616895198822021484e-03 -5.193024873733520508e-02
1.263424448714800752e+00 -5.246162414550781250e-03 -5.879330635070800781e-02
1.279022281414983420e+00 -1.232451200485229492e-02 -6.587165594100952148e-02
1.294620114115166531e+00 -1.959252357482910156e-02 -7.313966751098632812e-02
1.310217946815349199e+00 -2.702367305755615234e-02 -8.057081699371337891e-02
1.325815779515531867e+00 -3.459072113037109375e-02 -8.813786506652832031e-02
1.341413612215714757e+00 -4.226350784301757812e-02 -9.581065177917480469e-02
1.357011444915897425e+00 -5.000990629196166992e-02 -1.035570502281188965e-01
1.372609277616080092e+00 -5.779266357421875000e-02 -1.113398075103759766e-01
1.388207110316262760e+00 -6.558275222778320312e-02 -1.191298961639404297e-01
1.403804943016445428e+00 -7.333445549011230469e-02 -1.268815994262695312e-01
1.419402775716628096e+00 -8.101511001586914062e-02 -1.345622539520263672e-01
1.435000608416810763e+00 -8.857882022857666016e-02 -1.421259641647338867e-01
1.450598441116993653e+00 -9.598976373672485352e-02 -1.495369076728820801e-01
1.466196273817176321e+00 -1.032074093818664551e-01 -1.567545533180236816e-01
1.481794106517359211e+00 -1.102008819580078125e-01 -1.637480258941650391e-01
1.497391939217541879e+00 -1.169220805168151855e-01 -1.704692244529724121e-01
1.512989771917724546e+00 -1.233327388763427734e-01 -1.768798828125000000e-01
1.528587604617907214e+00 -1.293976306915283203e-01 -1.829447746276855469e-01
