# r (Angstrom)    E (eV)    ΔE (eV)
9.171471073020565079e-01 -2.579641342163085938e-01 -3.115112781524658203e-01
9.358643952061801441e-01 -2.255964875221252441e-01 -2.791436314582824707e-01
9.545816831103037803e-01 -1.939532756805419922e-01 -2.475004196166992188e-01
9.732989710144273054e-01 -1.632373332977294922e-01 -2.167844772338867188e-01
9.920162589185510527e-01 -1.336517930030822754e-01 -1.871989369392395020e-01
1.010733546822674578e+00 -1.053931117057800293e-01 -1.589402556419372559e-01
1.029450834726798325e+00 -7.865571975708007812e-02 -1.322028636932373047e-01
1.048168122630921850e+00 -5.361592769622802734e-02 -1.071630716323852539e-01
1.066885410535045375e+00 -3.044891357421875000e-02 -8.399605751037597656e-02
1.085602698439168901e+00 -9.309768676757812500e-03 -6.285691261291503906e-02
1.104319986343292426e+00 9.658694267272949219e-03 -4.388844966888427734e-02
1.123037274247416173e+00 2.633321285247802734e-02 -2.721393108367919922e-02
1.141754562151539920e+00 4.059565067291259766e-02 -1.295149326324462891e-02
1.160471850055663445e+00 5.236220359802246094e-02 -1.184940338134765625e-03
1.179189137959786970e+00 6.156241893768310547e-02 8.015275001525878906e-03
1.197906425863910718e+00 6.815242767333984375e-02 1.460528373718261719e-02
1.216623713768034243e+00 7.210981845855712891e-02 1.856267452239990234e-02
1.235341001672157768e+00 7.344198226928710938e-02 1.989483833312988281e-02
1.254058289576281515e+00 7.218104600906372070e-02 1.863390207290649414e-02
1.272775577480405040e+00 6.838297843933105469e-02 1.483583450317382812e-02
1.291492865384528566e+00 6.213384866714477539e-02 8.586704730987548828e-03
1.310210153288652313e+00 5.354714393615722656e-02 0.000000000000000000e+00
1.328927441192775838e+00 4.275304079055786133e-02 -1.079410314559936523e-02
1.347644729096899363e+00 2.991032600402832031e-02 -2.363681793212890625e-02
1.366362017001022888e+00 1.519668102264404297e-02 -3.835046291351318359e-02
1.385079304905146858e+00 -1.189291477203369141e-03 -5.473643541336059570e-02
1.403796592809270383e+00 -1.904243230819702148e-02 -7.258957624435424805e-02
1.422513880713393908e+00 -3.813928365707397461e-02 -9.168642759323120117e-02
1.441231168617517433e+00 -5.825161933898925781e-02 -1.117987632751464844e-01
1.459948456521641180e+00 -7.915139198303222656e-02 -1.326985359191894531e-01
1.478665744425764705e+00 -1.005991697311401367e-01 -1.541463136672973633e-01
1.497383032329888231e+00 -1.223667860031127930e-01 -1.759139299392700195e-01
1.516100320234011756e+00 -1.442272067070007324e-01 -1.977743506431579590e-01
1.534817608138135281e+00 -1.659669280052185059e-01 -2.195140719413757324e-01
1.553534896042259250e+00 -1.873822808265686035e-01 -2.409294247627258301e-01
1.572252183946382775e+00 -2.082846164703369141e-01 -2.618317604064941406e-01
1.590969471850506300e+00 -2.284980416297912598e-01 -2.820451855659484863e-01
1.609686759754630048e+00 -2.478658556938171387e-01 -3.014129996299743652e-01
1.628404047658753573e+00 -2.662487030029296875e-01 -3.197958469390869141e-01
1.647121335562877098e+00 -2.835339307785034180e-01 -3.370810747146606445e-01
1.665838623467000623e+00 -2.996230721473693848e-01 -3.531702160835266113e-01
1.684555911371124148e+00 -3.144441246986389160e-01 -3.679912686347961426e-01
1.703273199275247674e+00 -3.279464244842529297e-01 -3.814935684204101562e-01
1.721990487179371421e+00 -3.401007056236267090e-01 -3.936478495597839355e-01
1.740707775083495168e+00 -3.508953452110290527e-01 -4.044424891471862793e-01
1.759425062987618693e+00 -3.603460788726806641e-01 -4.138932228088378906e-01
1.778142350891742440e+00 -3.684752583503723145e-01 -4.220224022865295410e-01
1.796859638795865965e+00 -3.753313422203063965e-01 -4.288784861564636230e-01
1.815576926699989491e+00 -3.809670805931091309e-01 -4.345142245292663574e-01
1.834294214604113016e+00 -3.854575157165527344e-01 -4.390046596527099609e-01
