# r (Angstrom)    E (eV)    ΔE (eV)
3.283838342448903713e+00 1.415082216262817383e-01 8.796107769012451172e-02
3.350855451478472968e+00 1.339437961578369141e-01 8.039665222167968750e-02
3.417872560508042667e+00 1.314007043838500977e-01 7.785356044769287109e-02
3.484889669537611923e+00 1.325806975364685059e-01 7.903355360031127930e-02
3.551906778567181622e+00 1.360838413238525391e-01 8.253669738769531250e-02
3.618923887596750877e+00 1.406148672103881836e-01 8.706772327423095703e-02
3.685940996626321020e+00 1.451841592788696289e-01 9.163701534271240234e-02
3.752958105655889831e+00 1.490902900695800781e-01 9.554314613342285156e-02
3.819975214685459974e+00 1.517456769943237305e-01 9.819853305816650391e-02
3.886992323715029229e+00 1.525552868843078613e-01 9.900814294815063477e-02
3.954009432744598485e+00 1.509113311767578125e-01 9.736418724060058594e-02
4.021026541774167740e+00 1.464536786079406738e-01 9.290653467178344727e-02
4.088043650803737883e+00 1.391718983650207520e-01 8.562475442886352539e-02
4.155060759833307138e+00 1.293433904647827148e-01 7.579624652862548828e-02
4.222077868862876393e+00 1.175086498260498047e-01 6.396150588989257812e-02
4.289094977892445648e+00 1.044884920120239258e-01 5.094134807586669922e-02
4.356112086922014903e+00 9.123843908309936523e-02 3.769129514694213867e-02
4.423129195951585046e+00 7.877177000045776367e-02 2.522462606430053711e-02
4.490146304981154302e+00 6.814777851104736328e-02 1.460063457489013672e-02
4.557163414010723557e+00 6.012493371963500977e-02 6.577789783477783203e-03
4.624180523040292812e+00 5.520963668823242188e-02 1.662492752075195312e-03
4.691197632069862955e+00 5.354714393615722656e-02 0.000000000000000000e+00
4.758214741099432210e+00 5.497527122497558594e-02 1.428127288818359375e-03
4.825231850129001465e+00 5.895930528640747070e-02 5.412161350250244141e-03
4.892248959158570720e+00 6.464952230453491211e-02 1.110237836837768555e-02
4.959266068188140864e+00 7.116580009460449219e-02 1.761865615844726562e-02
5.026283177217710119e+00 7.778924703598022461e-02 2.424210309982299805e-02
5.093300286247279374e+00 8.408737182617187500e-02 3.054022789001464844e-02
5.160317395276848629e+00 8.998268842697143555e-02 3.643554449081420898e-02
5.227334504306418772e+00 9.572017192840576172e-02 4.217302799224853516e-02
5.294351613335988027e+00 1.018275618553161621e-01 4.828041791915893555e-02
5.361368722365557282e+00 1.089875698089599609e-01 5.544042587280273438e-02
5.428385831395126537e+00 1.179289221763610840e-01 6.438177824020385742e-02
5.495402940424695792e+00 1.292871236801147461e-01 7.573997974395751953e-02
5.562420049454265936e+00 1.434726715087890625e-01 8.992552757263183594e-02
5.629437158483835191e+00 1.605657935142517090e-01 1.070186495780944824e-01
5.696454267513404446e+00 1.801849007606506348e-01 1.266377568244934082e-01
5.763471376542974589e+00 2.016566395759582520e-01 1.481094956398010254e-01
5.830488485572543844e+00 2.241484522819519043e-01 1.706013083457946777e-01
5.897505594602113099e+00 2.468429207801818848e-01 1.932957768440246582e-01
5.964522703631682354e+00 2.691528797149658203e-01 2.156057357788085938e-01
6.031539812661251609e+00 2.907392978668212891e-01 2.371921539306640625e-01
6.098556921690820865e+00 3.115247488021850586e-01 2.579776048660278320e-01
6.165574030720390120e+00 3.317580223083496094e-01 2.782108783721923828e-01
6.232591139749960263e+00 3.517668247222900391e-01 2.982196807861328125e-01
6.299608248779529518e+00 3.716970086097717285e-01 3.181498646736145020e-01
6.366625357809099661e+00 3.912795782089233398e-01 3.377324342727661133e-01
6.433642466838668916e+00 4.096851348876953125e-01 3.561379909515380859e-01
6.500659575868238171e+00 4.254398941993713379e-01 3.718927502632141113e-01
6.567676684897807426e+00 4.365386366844177246e-01 3.829914927482604980e-01
