# r (Angstrom)    E (eV)    ΔE (eV)
7.118603984371845161e-01 2.994388341903686523e-02 -2.360326051712036133e-02
7.263881616705963884e-01 3.158569335937500000e-02 -2.196145057678222656e-02
7.409159249040083717e-01 3.332275152206420898e-02 -2.022439241409301758e-02
7.554436881374202439e-01 3.513139486312866211e-02 -1.841574907302856445e-02
7.699714513708322272e-01 3.698873519897460938e-02 -1.655840873718261719e-02
7.844992146042440995e-01 3.886890411376953125e-02 -1.467823982238769531e-02
7.990269778376560827e-01 4.074776172637939453e-02 -1.279938220977783203e-02
8.135547410710679550e-01 4.260468482971191406e-02 -1.094245910644531250e-02
8.280825043044799383e-01 4.441213607788085938e-02 -9.135007858276367188e-03
8.426102675378918105e-01 4.615235328674316406e-02 -7.394790649414062500e-03
8.571380307713036828e-01 4.779875278472900391e-02 -5.748391151428222656e-03
8.716657940047156661e-01 4.932981729507446289e-02 -4.217326641082763672e-03
8.861935572381276494e-01 5.072289705276489258e-02 -2.824246883392333984e-03
9.007213204715396326e-01 5.195975303649902344e-02 -1.587390899658203125e-03
9.152490837049515049e-01 5.301511287689208984e-02 -5.320310592651367188e-04
9.297768469383634882e-01 5.387073755264282227e-02 3.235936164855957031e-04
9.443046101717753604e-01 5.450356006622314453e-02 9.564161300659179688e-04
9.588323734051873437e-01 5.489265918731689453e-02 1.345515251159667969e-03
9.733601366385992160e-01 5.501461029052734375e-02 1.467466354370117188e-03
9.878878998720110882e-01 5.484539270401000977e-02 1.298248767852783203e-03
1.002415663105423071e+00 5.436486005783081055e-02 8.177161216735839844e-04
1.016943426338835055e+00 5.354714393615722656e-02 0.000000000000000000e+00
1.031471189572247038e+00 5.236601829528808594e-02 -1.181125640869140625e-03
1.045998952805658799e+00 5.079430341720581055e-02 -2.752840518951416016e-03
1.060526716039070783e+00 4.880481958389282227e-02 -4.742324352264404297e-03
1.075054479272482766e+00 4.636800289154052734e-02 -7.179141044616699219e-03
1.089582242505894749e+00 4.345339536666870117e-02 -1.009374856948852539e-02
1.104110005739306510e+00 4.003125429153442383e-02 -1.351588964462280273e-02
1.118637768972718494e+00 3.606688976287841797e-02 -1.748025417327880859e-02
1.133165532206130477e+00 3.152143955230712891e-02 -2.202570438385009766e-02
1.147693295439542460e+00 2.636045217514038086e-02 -2.718669176101684570e-02
1.162221058672954221e+00 2.055644989013671875e-02 -3.299069404602050781e-02
1.176748821906366205e+00 1.407712697982788086e-02 -3.947001695632934570e-02
1.191276585139777966e+00 6.894767284393310547e-03 -4.665237665176391602e-02
1.205804348373190171e+00 -1.009881496429443359e-03 -5.455702543258666992e-02
1.220332111606601933e+00 -9.661734104156494141e-03 -6.320887804031372070e-02
1.234859874840013916e+00 -1.906895637512207031e-02 -7.261610031127929688e-02
1.249387638073425899e+00 -2.924472093582153320e-02 -8.279186487197875977e-02
1.263915401306837882e+00 -4.018479585647583008e-02 -9.373193979263305664e-02
1.278443164540249866e+00 -5.188596248626708984e-02 -1.054331064224243164e-01
1.292970927773661627e+00 -6.433236598968505859e-02 -1.178795099258422852e-01
1.307498691007073610e+00 -7.750391960144042969e-02 -1.310510635375976562e-01
1.322026454240485371e+00 -9.136569499969482422e-02 -1.449128389358520508e-01
1.336554217473897355e+00 -1.058771610260009766e-01 -1.594243049621582031e-01
1.351081980707309338e+00 -1.209877729415893555e-01 -1.745349168777465820e-01
1.365609743940721321e+00 -1.366411447525024414e-01 -1.901882886886596680e-01
1.380137507174133304e+00 -1.527664065361022949e-01 -2.063135504722595215e-01
1.394665270407545288e+00 -1.692882776260375977e-01 -2.228354215621948242e-01
1.409193033640957049e+00 -1.861268877983093262e-01 -2.396740317344665527e-01
1.423720796874369032e+00 -2.031908035278320312e-01 -2.567379474639892578e-01
