# r (Angstrom)    E (eV)    ΔE (eV)
2.617420292217166988e+00 7.188385725021362305e-02 1.833671331405639648e-02
2.670837032874660011e+00 8.516585826873779297e-02 3.161871433258056641e-02
2.724253773532153478e+00 9.769594669342041016e-02 4.414880275726318359e-02
2.777670514189646500e+00 1.092675328254699707e-01 5.572038888931274414e-02
2.831087254847139967e+00 1.196951270103454590e-01 6.614798307418823242e-02
2.884503995504632989e+00 1.287001967430114746e-01 7.515305280685424805e-02
2.937920736162126456e+00 1.359569430351257324e-01 8.240979909896850586e-02
2.991337476819619479e+00 1.411767005920410156e-01 8.762955665588378906e-02
3.044754217477112945e+00 1.440855264663696289e-01 9.053838253021240234e-02
3.098170958134605968e+00 1.444489359855651855e-01 9.090179204940795898e-02
3.151587698792098990e+00 1.421844959259033203e-01 8.863735198974609375e-02
3.205004439449592013e+00 1.373598575592041016e-01 8.381271362304687500e-02
3.258421180107085480e+00 1.302092075347900391e-01 7.666206359863281250e-02
3.311837920764578502e+00 1.211745738983154297e-01 6.762742996215820312e-02
3.365254661422071525e+00 1.108033061027526855e-01 5.725616216659545898e-02
3.418671402079564992e+00 9.974187612533569336e-02 4.619473218917846680e-02
3.472088142737058014e+00 8.868539333343505859e-02 3.513824939727783203e-02
3.525504883394551481e+00 7.833003997802734375e-02 2.478289604187011719e-02
3.578921624052044503e+00 6.922721862792968750e-02 1.568007469177246094e-02
3.632338364709537526e+00 6.185775995254516602e-02 8.310616016387939453e-03
3.685755105367030993e+00 5.656683444976806641e-02 3.019690513610839844e-03
3.739171846024524459e+00 5.354714393615722656e-02 0.000000000000000000e+00
3.792588586682017482e+00 5.291152000427246094e-02 -6.356239318847656250e-04
3.846005327339510504e+00 5.461645126342773438e-02 1.069307327270507812e-03
3.899422067997003527e+00 5.846607685089111328e-02 4.918932914733886719e-03
3.952838808654497438e+00 6.417059898376464844e-02 1.062345504760742188e-02
4.006255549311990016e+00 7.139521837234497070e-02 1.784807443618774414e-02
4.059672289969483039e+00 7.977730035781860352e-02 2.623015642166137695e-02
4.113089030626976061e+00 8.896505832672119141e-02 3.541791439056396484e-02
4.166505771284469972e+00 9.863734245300292969e-02 4.509019851684570312e-02
4.219922511941962995e+00 1.085166335105895996e-01 5.496948957443237305e-02
4.273339252599456017e+00 1.183774471282958984e-01 6.483030319213867188e-02
4.326755993256949040e+00 1.280509233474731445e-01 7.450377941131591797e-02
4.380172733914442063e+00 1.374183297157287598e-01 8.387118577957153320e-02
4.433589474571935973e+00 1.463937163352966309e-01 9.284657239913940430e-02
4.487006215229428996e+00 1.549238562583923340e-01 1.013767123222351074e-01
4.540422955886922018e+00 1.629600524902343750e-01 1.094129085540771484e-01
4.593839696544415929e+00 1.704615950584411621e-01 1.169144511222839355e-01
4.647256437201908952e+00 1.773450970649719238e-01 1.237979531288146973e-01
4.700673177859401974e+00 1.835526823997497559e-01 1.300055384635925293e-01
4.754089918516894997e+00 1.889880895614624023e-01 1.354409456253051758e-01
4.807506659174388020e+00 1.935237050056457520e-01 1.399765610694885254e-01
4.860923399831881042e+00 1.970678567886352539e-01 1.435207128524780273e-01
4.914340140489374065e+00 1.995877623558044434e-01 1.460406184196472168e-01
4.967756881146867975e+00 2.011139988899230957e-01 1.475668549537658691e-01
5.021173621804360998e+00 2.016988992691040039e-01 1.481517553329467773e-01
5.074590362461854909e+00 2.014286518096923828e-01 1.478815078735351562e-01
5.128007103119347931e+00 2.003862857818603516e-01 1.468391418457031250e-01
5.181423843776840954e+00 1.987386941909790039e-01 1.451915502548217773e-01
5.234840584434333977e+00 1.967372298240661621e-01 1.431900858879089355e-01
