# r (Angstrom)    E (eV)    ΔE (eV)
2.617271616262912826e+00 1.697493195533752441e-01 1.162021756172180176e-01
2.670685322717257559e+00 1.207278966903686523e-01 6.718075275421142578e-02
2.724099029171603181e+00 7.584583759307861328e-02 2.229869365692138672e-02
2.777512735625947915e+00 3.606677055358886719e-02 -1.748037338256835938e-02
2.830926442080293537e+00 2.051115036010742188e-03 -5.149602890014648438e-02
2.884340148534638271e+00 -2.563965320587158203e-02 -7.918679714202880859e-02
2.937753854988983893e+00 -4.647225141525268555e-02 -1.000193953514099121e-01
2.991167561443328626e+00 -5.998194217681884766e-02 -1.135290861129760742e-01
3.044581267897674248e+00 -6.578719615936279297e-02 -1.193343400955200195e-01
3.097994974352018982e+00 -6.384539604187011719e-02 -1.173925399780273438e-01
3.151408680806364160e+00 -5.463188886642456055e-02 -1.081790328025817871e-01
3.204822387260709338e+00 -3.930276632308959961e-02 -9.284991025924682617e-02
3.258236093715054515e+00 -1.972472667694091797e-02 -7.327187061309814453e-02
3.311649800169399693e+00 1.796007156372070312e-03 -5.175113677978515625e-02
3.365063506623744871e+00 2.284616231918334961e-02 -3.070098161697387695e-02
3.418477213078090049e+00 4.125684499740600586e-02 -1.229029893875122070e-02
3.471890919532435227e+00 5.539876222610473633e-02 1.851618289947509766e-03
3.525304625986780405e+00 6.435471773147583008e-02 1.080757379531860352e-02
3.578718332441125582e+00 6.793773174285888672e-02 1.439058780670166016e-02
3.632132038895470316e+00 6.660950183868408203e-02 1.306235790252685547e-02
3.685545745349815938e+00 6.135964393615722656e-02 7.812500000000000000e-03
3.738959451804161116e+00 5.354714393615722656e-02 0.000000000000000000e+00
3.792373158258506294e+00 4.476630687713623047e-02 -8.780837059020996094e-03
3.845786864712851028e+00 3.663134574890136719e-02 -1.691579818725585938e-02
3.899200571167196205e+00 3.058379888534545898e-02 -2.296334505081176758e-02
3.952614277621541827e+00 2.775281667709350586e-02 -2.579432725906372070e-02
4.006027984075887005e+00 2.884805202484130859e-02 -2.469909191131591797e-02
4.059441690530231739e+00 3.416794538497924805e-02 -1.937919855117797852e-02
4.112855396984576473e+00 4.366952180862426758e-02 -9.877622127532958984e-03
4.166269103438922095e+00 5.695194005966186523e-02 3.404796123504638672e-03
4.219682809893267716e+00 7.350969314575195312e-02 1.996254920959472656e-02
4.273096516347612450e+00 9.275817871093750000e-02 3.921103477478027344e-02
4.326510222801957184e+00 1.139949560165405273e-01 6.044781208038330078e-02
4.379923929256302806e+00 1.363851428031921387e-01 8.283799886703491211e-02
4.433337635710648428e+00 1.589494347572326660e-01 1.054022908210754395e-01
4.486751342164993162e+00 1.805951595306396484e-01 1.270480155944824219e-01
4.540165048619337895e+00 2.000946998596191406e-01 1.465475559234619141e-01
4.593578755073683517e+00 2.161970138549804688e-01 1.626498699188232422e-01
4.646992461528029139e+00 2.276890277862548828e-01 1.741418838500976562e-01
4.700406167982373873e+00 2.333306074142456055e-01 1.797834634780883789e-01
4.753819874436718607e+00 2.320360541343688965e-01 1.784889101982116699e-01
4.807233580891064229e+00 2.230304479598999023e-01 1.694833040237426758e-01
4.860647287345408962e+00 2.059510350227355957e-01 1.524038910865783691e-01
4.914060993799753696e+00 1.810110211372375488e-01 1.274638772010803223e-01
4.967474700254099318e+00 1.490771174430847168e-01 9.552997350692749023e-02
5.020888406708444940e+00 1.116510629653930664e-01 5.810391902923583984e-02
5.074302113162790562e+00 7.075613737106323242e-02 1.720899343490600586e-02
5.127715819617135296e+00 2.876806259155273438e-02 -2.477908134460449219e-02
5.181129526071480029e+00 -1.189607381820678711e-02 -6.544321775436401367e-02
5.234543232525825651e+00 -4.902368783950805664e-02 -1.025708317756652832e-01
