# r (Angstrom)    E (eV)    ΔE (eV)
2.192617543685746906e+00 1.058521270751953125e-01 5.230498313903808594e-02
2.237364840495660090e+00 1.074851751327514648e-01 5.393803119659423828e-02
2.282112137305573718e+00 1.084970831871032715e-01 5.494993925094604492e-02
2.326859434115486458e+00 1.087400913238525391e-01 5.519294738769531250e-02
2.371606730925400086e+00 1.081490516662597656e-01 5.460190773010253906e-02
2.416354027735313270e+00 1.067493557929992676e-01 5.320221185684204102e-02
2.461101324545226454e+00 1.046724915504455566e-01 5.112534761428833008e-02
2.505848621355139638e+00 1.020922660827636719e-01 4.854512214660644531e-02
2.550595918165052822e+00 9.920299053192138672e-02 4.565584659576416016e-02
2.595343214974966006e+00 9.618639945983886719e-02 4.263925552368164062e-02
2.640090511784879190e+00 9.314829111099243164e-02 3.960114717483520508e-02
2.684837808594792374e+00 9.015113115310668945e-02 3.660398721694946289e-02
2.729585105404706002e+00 8.719348907470703125e-02 3.364634513854980469e-02
2.774332402214618742e+00 8.423346281051635742e-02 3.068631887435913086e-02
2.819079699024531926e+00 8.119934797286987305e-02 2.765220403671264648e-02
2.863826995834445110e+00 7.801491022109985352e-02 2.446776628494262695e-02
2.908574292644358295e+00 7.460635900497436523e-02 2.105921506881713867e-02
2.953321589454271923e+00 7.092303037643432617e-02 1.737588644027709961e-02
2.998068886264184663e+00 6.694990396499633789e-02 1.340276002883911133e-02
3.042816183074097847e+00 6.270265579223632812e-02 9.155511856079101562e-03
3.087563479884011475e+00 5.821174383163452148e-02 4.664599895477294922e-03
3.132310776693924659e+00 5.354714393615722656e-02 0.000000000000000000e+00
3.177058073503837843e+00 4.888683557510375977e-02 -4.660308361053466797e-03
3.221805370313750583e+00 4.443162679672241211e-02 -9.115517139434814453e-03
3.266552667123663767e+00 4.039323329925537109e-02 -1.315391063690185547e-02
3.311299963933577395e+00 3.700429201126098633e-02 -1.654285192489624023e-02
3.356047260743490579e+00 3.452116250991821289e-02 -1.902598142623901367e-02
3.400794557553403763e+00 3.319501876831054688e-02 -2.035212516784667969e-02
3.445541854363316503e+00 3.327387571334838867e-02 -2.027326822280883789e-02
3.490289151173230575e+00 3.498870134353637695e-02 -1.855844259262084961e-02
3.535036447983143315e+00 3.852593898773193359e-02 -1.502120494842529297e-02
3.579783744793056499e+00 4.401934146881103516e-02 -9.527802467346191406e-03
3.624531041602969683e+00 5.154216289520263672e-02 -2.004981040954589844e-03
3.669278338412882867e+00 6.108748912811279297e-02 7.540345191955566406e-03
3.714025635222796495e+00 7.254558801651000977e-02 1.899844408035278320e-02
3.758772932032709235e+00 8.571660518646240234e-02 3.216946125030517578e-02
3.803520228842622419e+00 1.002953648567199707e-01 4.674822092056274414e-02
3.848267525652536047e+00 1.158518791198730469e-01 6.230473518371582031e-02
3.893014822462449231e+00 1.318953037261962891e-01 7.834815979003906250e-02
3.937762119272362416e+00 1.479089856147766113e-01 9.436184167861938477e-02
3.982509416082275600e+00 1.633839011192321777e-01 1.098367571830749512e-01
4.027256712892188339e+00 1.778262257575988770e-01 1.242790818214416504e-01
4.072004009702101079e+00 1.908161044120788574e-01 1.372689604759216309e-01
4.116751306512014708e+00 2.020097970962524414e-01 1.484626531600952148e-01
4.161498603321928336e+00 2.111177444458007812e-01 1.575706005096435547e-01
4.206245900131841076e+00 2.179499864578247070e-01 1.644028425216674805e-01
4.250993196941754704e+00 2.224093079566955566e-01 1.688621640205383301e-01
4.295740493751668332e+00 2.244669198989868164e-01 1.709197759628295898e-01
4.340487790561581072e+00 2.241539955139160156e-01 1.706068515777587891e-01
4.385235087371493812e+00 2.215409278869628906e-01 1.679937839508056641e-01
