# r (Angstrom)    E (eV)    ΔE (eV)
4.870431484445515657e+00 2.318356633186340332e-01 1.782898306846618652e-01
4.969828045352566726e+00 2.439152002334594727e-01 1.903693675994873047e-01
5.069224606259618682e+00 2.442041635513305664e-01 1.906583309173583984e-01
5.168621167166669750e+00 2.322796583175659180e-01 1.787338256835937500e-01
5.268017728073720818e+00 2.103997468948364258e-01 1.568539142608642578e-01
5.367414288980771886e+00 1.824890971183776855e-01 1.289432644844055176e-01
5.466810849887823842e+00 1.533364653587341309e-01 9.979063272476196289e-02
5.566207410794874910e+00 1.277443170547485352e-01 7.419848442077636719e-02
5.665603971701926866e+00 1.094722151756286621e-01 5.592638254165649414e-02
5.765000532608977935e+00 1.003417968750000000e-01 4.679596424102783203e-02
5.864397093516029003e+00 9.947687387466430664e-02 4.593104124069213867e-02
5.963793654423080071e+00 1.033751368522644043e-01 4.982930421829223633e-02
6.063190215330132027e+00 1.074953675270080566e-01 5.394953489303588867e-02
6.162586776237183095e+00 1.086793541908264160e-01 5.513352155685424805e-02
6.261983337144234163e+00 1.058850288391113281e-01 5.233919620513916016e-02
6.361379898051286119e+00 1.001734137535095215e-01 4.662758111953735352e-02
6.460776458958337187e+00 9.347027540206909180e-02 3.992444276809692383e-02
6.560173019865389143e+00 8.685481548309326172e-02 3.330898284912109375e-02
6.659569580772440212e+00 8.015090227127075195e-02 2.660506963729858398e-02
6.758966141679490391e+00 7.258892059326171875e-02 1.904308795928955078e-02
6.858362702586542348e+00 6.366407871246337891e-02 1.011824607849121094e-02
6.957759263493594304e+00 5.354583263397216797e-02 0.000000000000000000e+00
7.057155824400645372e+00 4.349416494369506836e-02 -1.005166769027709961e-02
7.156552385307696440e+00 3.577929735183715820e-02 -1.776653528213500977e-02
7.255948946214747508e+00 3.307467699050903320e-02 -2.047115564346313477e-02
7.355345507121799464e+00 3.801995515823364258e-02 -1.552587747573852539e-02
7.454742068028850532e+00 5.246305465698242188e-02 -1.082777976989746094e-03
7.554138628935901600e+00 7.668590545654296875e-02 2.314007282257080078e-02
7.653535189842952668e+00 1.087454557418823242e-01 5.519962310791015625e-02
7.752931750750005513e+00 1.442597508430480957e-01 9.071391820907592773e-02
7.852328311657056581e+00 1.777092218399047852e-01 1.241633892059326172e-01
7.951724872564107649e+00 2.041315436363220215e-01 1.505857110023498535e-01
8.051121433471157829e+00 2.201812267303466797e-01 1.666353940963745117e-01
8.150517994378208897e+00 2.245271801948547363e-01 1.709813475608825684e-01
8.249914555285261741e+00 2.174441814422607422e-01 1.638983488082885742e-01
8.349311116192312809e+00 2.001948356628417969e-01 1.466490030288696289e-01
8.448707677099363877e+00 1.748907566070556641e-01 1.213449239730834961e-01
8.548104238006416722e+00 1.450779438018798828e-01 9.153211116790771484e-02
8.647500798913467790e+00 1.158460974693298340e-01 6.230026483535766602e-02
8.746897359820518858e+00 9.262228012084960938e-02 3.907644748687744141e-02
8.846293920727569926e+00 7.907718420028686523e-02 2.553135156631469727e-02
8.945690481634620994e+00 7.622176408767700195e-02 2.267593145370483398e-02
9.045087042541672062e+00 8.237338066101074219e-02 2.882754802703857422e-02
9.144483603448723130e+00 9.410977363586425781e-02 4.056394100189208984e-02
9.243880164355774198e+00 1.075103878974914551e-01 5.396455526351928711e-02
9.343276725262825266e+00 1.187493801116943359e-01 6.520354747772216797e-02
9.442673286169878111e+00 1.248296499252319336e-01 7.128381729125976562e-02
9.542069847076929179e+00 1.241147518157958984e-01 7.056891918182373047e-02
9.641466407983980247e+00 1.160300374031066895e-01 6.248420476913452148e-02
9.740862968891031315e+00 1.010065674781799316e-01 4.746073484420776367e-02
